0 0.424444 0.133750 0.068889 0.038750
0 0.295556 0.707500 0.066667 0.037500
0 0.502222 0.861250 0.068889 0.038750
0 0.713333 0.215000 0.068889 0.038750
0 0.886667 0.383750 0.066667 0.037500
0 0.275556 0.868750 0.066667 0.037500
0 0.622222 0.806250 0.066667 0.037500
0 0.753333 0.862500 0.066667 0.037500
0 0.280000 0.573750 0.068889 0.038750
0 0.497778 0.758750 0.066667 0.037500
0 0.271111 0.128750 0.071111 0.040000
0 0.740000 0.128750 0.068889 0.038750
0 0.124444 0.551250 0.068889 0.038750
0 0.144444 0.637500 0.071111 0.040000
0 0.124444 0.722500 0.066667 0.037500
0 0.904444 0.863750 0.068889 0.038750
0 0.860000 0.467500 0.066667 0.037500
0 0.533333 0.428750 0.071111 0.040000
0 0.106667 0.217500 0.071111 0.040000
0 0.262222 0.217500 0.068889 0.038750
0 0.117778 0.303750 0.071111 0.040000
0 0.580000 0.136250 0.071111 0.040000
0 0.671111 0.475000 0.068889 0.038750
0 0.202222 0.795000 0.068889 0.038750
0 0.577778 0.671250 0.066667 0.037500
0 0.880000 0.631250 0.071111 0.040000
0 0.108889 0.127500 0.068889 0.038750
0 0.517778 0.581250 0.068889 0.038750
0 0.113333 0.876250 0.068889 0.038750
0 0.422222 0.222500 0.066667 0.037500
0 0.342222 0.375000 0.068889 0.038750
0 0.902222 0.121250 0.066667 0.037500
0 0.866667 0.212500 0.066667 0.037500
0 0.877778 0.716250 0.071111 0.040000
0 0.733333 0.390000 0.066667 0.037500
0 0.415556 0.643750 0.066667 0.037500
0 0.188889 0.387500 0.071111 0.040000
0 0.355556 0.785000 0.071111 0.040000
0 0.708889 0.553750 0.071111 0.040000
0 0.440000 0.315000 0.068889 0.038750
0 0.728889 0.727500 0.075556 0.042500
0 0.575556 0.350000 0.071111 0.040000
0 0.384444 0.457500 0.071111 0.040000
0 0.715556 0.306250 0.075556 0.042500
0 0.733333 0.636250 0.073333 0.041250
0 0.862222 0.303750 0.073333 0.041250
0 0.566667 0.256250 0.066667 0.037500
0 0.860000 0.552500 0.075556 0.042500
0 0.122222 0.467500 0.066667 0.037500