0 0.653333 0.467500 0.064444 0.036250
0 0.364444 0.658750 0.064444 0.036250
0 0.535556 0.498750 0.064444 0.036250
0 0.308889 0.398750 0.064444 0.036250
0 0.262222 0.542500 0.064444 0.036250
0 0.128889 0.418750 0.064444 0.036250
0 0.497778 0.656250 0.064444 0.036250
0 0.293333 0.282500 0.064444 0.036250
0 0.606667 0.430000 0.064444 0.036250
0 0.224444 0.293750 0.066667 0.037500
0 0.717778 0.702500 0.064444 0.036250
0 0.660000 0.551250 0.075556 0.042500
0 0.500000 0.392500 0.071111 0.040000
0 0.380000 0.346250 0.064444 0.036250
0 0.582222 0.343750 0.064444 0.036250
0 0.693333 0.622500 0.064444 0.036250
0 0.440000 0.455000 0.075556 0.042500
0 0.706667 0.385000 0.064444 0.036250
0 0.391111 0.511250 0.064444 0.036250
0 0.377778 0.577500 0.071111 0.040000
0 0.260000 0.478750 0.064444 0.036250
0 0.748889 0.502500 0.071111 0.040000
0 0.693333 0.305000 0.077778 0.043750
0 0.526667 0.585000 0.082222 0.046250
0 0.248889 0.631250 0.066667 0.037500