0 0.553333 0.391250 0.048889 0.027500
0 0.388889 0.448750 0.051111 0.028750
0 0.393333 0.500000 0.048889 0.027500
0 0.280000 0.426250 0.035556 0.020000
0 0.211111 0.340000 0.046667 0.026250
0 0.658419 0.649208 0.047607 0.024083
0 0.186667 0.440000 0.037778 0.021250
0 0.105248 0.668703 0.052718 0.026344
0 0.120000 0.393750 0.037778 0.021250
0 0.695556 0.787500 0.048889 0.027500
0 0.765671 0.778634 0.044213 0.023983
0 0.651111 0.327500 0.046667 0.026250
0 0.572551 0.626705 0.050452 0.026589
0 0.226667 0.797500 0.053333 0.030000
0 0.767164 0.749148 0.042033 0.020465
0 0.242292 0.591050 0.044585 0.027900
0 0.528889 0.607500 0.053333 0.030000
0 0.121716 0.800000 0.047878 0.027500
0 0.617931 0.228287 0.066971 0.030103
0 0.363350 0.700194 0.037440 0.028322
0 0.618333 0.598886 0.038732 0.023239
0 0.437586 0.613048 0.046478 0.028322
0 0.533932 0.802566 0.045469 0.026382
0 0.792625 0.672242 0.043896 0.030516
0 0.702018 0.675322 0.044362 0.022258
0 0.435556 0.795000 0.044444 0.025000
0 0.417778 0.308750 0.037778 0.021250
0 0.097778 0.775000 0.046667 0.026250
0 0.441798 0.367749 0.049738 0.027998
0 0.861774 0.661998 0.045342 0.026005
0 0.786667 0.296250 0.048889 0.027500
0 0.458243 0.647543 0.043896 0.027596
0 0.857778 0.765000 0.048889 0.027500
0 0.813333 0.776250 0.046667 0.026250
0 0.133333 0.613750 0.042222 0.023750
0 0.280000 0.663750 0.060000 0.033750
0 0.286667 0.485000 0.055556 0.031250
0 0.482222 0.593750 0.053333 0.030000
0 0.600712 0.802735 0.041426 0.019531
0 0.328889 0.290000 0.051111 0.028750
0 0.127733 0.279351 0.049060 0.027596
0 0.526667 0.246250 0.044444 0.025000
0 0.653575 0.385264 0.056038 0.029278
0 0.413333 0.250000 0.048889 0.027500
0 0.757111 0.243464 0.046478 0.026144
0 0.178730 0.607601 0.055515 0.026144
0 0.746667 0.370000 0.060000 0.033750
0 0.276658 0.617405 0.053316 0.026870
0 0.277778 0.798750 0.048889 0.027500
0 0.740000 0.802500 0.046667 0.026250
0 0.337872 0.799677 0.050923 0.021895
0 0.117778 0.586250 0.048889 0.027500
0 0.384444 0.801250 0.048889 0.027500
0 0.791111 0.802500 0.048889 0.027500
0 0.515556 0.315000 0.037778 0.021250
0 0.771111 0.635000 0.051111 0.028750
0 0.668889 0.590000 0.048889 0.027500
0 0.325453 0.367549 0.048683 0.031152
0 0.158487 0.710724 0.039195 0.024691
0 0.733882 0.618961 0.045187 0.027078
0 0.166667 0.485000 0.051111 0.028750
0 0.568658 0.592604 0.052872 0.022293
0 0.606823 0.729111 0.044280 0.019608
0 0.334947 0.617768 0.050351 0.023239
0 0.608839 0.648537 0.044544 0.027074
0 0.704077 0.740649 0.042827 0.021486
0 0.862222 0.708750 0.053333 0.030000
0 0.304444 0.638750 0.053333 0.030000
0 0.380000 0.772500 0.051111 0.028750
0 0.742222 0.688750 0.048889 0.027500
0 0.788889 0.412500 0.044444 0.025000
0 0.488582 0.694384 0.040023 0.025418
0 0.157778 0.773750 0.053333 0.030000
0 0.161946 0.579279 0.045187 0.024691
0 0.128226 0.749458 0.042395 0.021085
0 0.109011 0.696948 0.046910 0.027353
0 0.327270 0.668122 0.045651 0.023755
0 0.406667 0.643750 0.040000 0.022500
0 0.197778 0.640000 0.037778 0.021250
0 0.262222 0.693750 0.048889 0.027500
0 0.255556 0.773750 0.057778 0.032500
0 0.837376 0.686317 0.043025 0.031384
0 0.428889 0.765000 0.042222 0.023750
0 0.598343 0.680622 0.044280 0.024377
0 0.248889 0.640000 0.051111 0.028750
0 0.438654 0.699170 0.039569 0.019078
0 0.303320 0.718296 0.057750 0.025341
0 0.506856 0.738385 0.042600 0.021198
0 0.353333 0.725000 0.040000 0.022500
0 0.213333 0.692500 0.048889 0.027500
0 0.513333 0.775000 0.040000 0.022500
0 0.106558 0.640611 0.046164 0.024907
0 0.295923 0.588942 0.048048 0.023317
0 0.225736 0.615969 0.054643 0.025437
0 0.151779 0.654390 0.044280 0.027027
0 0.162143 0.681152 0.044280 0.027557
0 0.109855 0.723547 0.052759 0.024377
0 0.176274 0.800654 0.046164 0.028087
0 0.207364 0.773892 0.044280 0.020138
0 0.187109 0.747659 0.037685 0.023847
0 0.245520 0.748189 0.041453 0.021728
0 0.293568 0.747130 0.043337 0.023847
0 0.346798 0.753754 0.042395 0.025437
0 0.391077 0.744215 0.044280 0.024377
0 0.440539 0.737856 0.039569 0.026497
0 0.305345 0.772567 0.044280 0.022787
0 0.201240 0.723282 0.039569 0.023847
0 0.253057 0.723547 0.037685 0.022258
0 0.319947 0.694665 0.050874 0.024907
0 0.219612 0.665518 0.051817 0.022787
0 0.387780 0.619679 0.050874 0.025437
0 0.356219 0.642996 0.044280 0.024377
0 0.377888 0.672143 0.046164 0.025437
0 0.432531 0.671613 0.048048 0.023317
0 0.400027 0.719308 0.041453 0.025437
0 0.471157 0.720367 0.049932 0.027557
0 0.521090 0.710299 0.048048 0.023317
0 0.572906 0.701819 0.046164 0.022258
0 0.475397 0.757993 0.045222 0.023317
0 0.487173 0.801449 0.046164 0.025437
0 0.654871 0.806218 0.046164 0.022258
0 0.631789 0.777866 0.048990 0.020668
0 0.571964 0.781576 0.046164 0.021728
0 0.546998 0.756933 0.048990 0.020138
0 0.595988 0.757198 0.043337 0.022787
0 0.660523 0.757463 0.048048 0.025437
0 0.721290 0.764353 0.041453 0.021198
0 0.815973 0.749514 0.042395 0.026497
0 0.864963 0.739445 0.046164 0.025437
0 0.819741 0.723547 0.040511 0.023317
0 0.774049 0.724077 0.039569 0.022258
0 0.723645 0.713743 0.042395 0.022787
0 0.792891 0.697580 0.047106 0.025437
0 0.823510 0.644321 0.042395 0.027027
0 0.676068 0.618884 0.043337 0.025967
0 0.710927 0.642201 0.045222 0.024907
0 0.747198 0.661014 0.042395 0.025437
0 0.524387 0.578343 0.048990 0.027557
0 0.483876 0.624713 0.043337 0.024907
0 0.628020 0.625508 0.045222 0.022258
0 0.557832 0.731761 0.038627 0.024907
0 0.624252 0.704469 0.041453 0.023317
0 0.658168 0.727257 0.043337 0.026497
0 0.677481 0.701290 0.040511 0.022258
0 0.649218 0.677442 0.049932 0.024377
0 0.840939 0.803833 0.045222 0.025967
0 0.527685 0.637432 0.048048 0.023847
0 0.565369 0.659689 0.036743 0.027027
0 0.534279 0.684066 0.038627 0.027027
0 0.498479 0.664459 0.044280 0.027027