0 0.508889 0.196250 0.060000 0.033750
0 0.393333 0.403750 0.080000 0.045000
0 0.708889 0.658750 0.060000 0.033750
0 0.471111 0.788750 0.060000 0.033750
0 0.391111 0.278750 0.060000 0.033750
0 0.544444 0.293750 0.060000 0.033750
0 0.140000 0.417500 0.060000 0.033750
0 0.391111 0.448750 0.080000 0.045000
0 0.355556 0.563750 0.080000 0.045000
0 0.377778 0.336250 0.082222 0.046250
0 0.206667 0.682500 0.060000 0.033750
0 0.495556 0.491250 0.077778 0.043750
0 0.366667 0.496250 0.080000 0.045000
0 0.120000 0.187500 0.062222 0.035000
0 0.468889 0.643750 0.080000 0.045000
0 0.860000 0.497500 0.060000 0.033750
0 0.468889 0.602500 0.060000 0.033750
0 0.628889 0.677500 0.082222 0.046250
0 0.293333 0.337500 0.080000 0.045000
0 0.126667 0.663750 0.060000 0.033750
0 0.377778 0.612500 0.080000 0.045000
0 0.771111 0.475000 0.080000 0.045000
0 0.864444 0.307500 0.060000 0.033750
0 0.782222 0.380000 0.060000 0.033750
0 0.866667 0.687500 0.060000 0.033750
0 0.640000 0.481250 0.080000 0.045000
0 0.115556 0.317500 0.060000 0.033750
0 0.697778 0.252500 0.060000 0.033750
0 0.206667 0.582500 0.082222 0.046250
0 0.302222 0.718750 0.060000 0.033750
0 0.544444 0.813750 0.060000 0.033750
0 0.135556 0.368750 0.060000 0.033750
0 0.628889 0.541250 0.057778 0.032500
0 0.200000 0.472500 0.060000 0.033750
0 0.397778 0.733750 0.060000 0.033750
0 0.704444 0.611250 0.060000 0.033750
0 0.791111 0.662500 0.060000 0.033750
0 0.860000 0.592500 0.060000 0.033750
0 0.228889 0.380000 0.060000 0.033750
0 0.857778 0.402500 0.060000 0.033750
0 0.304444 0.290000 0.082222 0.046250
0 0.542222 0.380000 0.080000 0.045000
0 0.557778 0.460000 0.080000 0.045000
0 0.860000 0.355000 0.060000 0.033750
0 0.555556 0.625000 0.057778 0.032500
0 0.620000 0.357500 0.060000 0.033750
0 0.675556 0.788750 0.057778 0.032500
0 0.300000 0.602500 0.082222 0.046250
0 0.611111 0.406250 0.082222 0.046250
0 0.700000 0.408750 0.082222 0.046250
0 0.306667 0.401250 0.060000 0.033750
0 0.480000 0.732500 0.060000 0.033750
0 0.391111 0.663750 0.060000 0.033750
0 0.131111 0.807500 0.060000 0.033750
0 0.633333 0.587500 0.057778 0.032500
0 0.208889 0.778750 0.060000 0.033750
0 0.595556 0.255000 0.060000 0.033750
0 0.620000 0.748750 0.060000 0.033750
0 0.748889 0.158750 0.060000 0.033750
0 0.213333 0.517500 0.082222 0.046250
0 0.466667 0.350000 0.060000 0.033750
0 0.626667 0.306250 0.060000 0.033750
0 0.871111 0.735000 0.060000 0.033750
0 0.431111 0.547500 0.080000 0.045000
0 0.714506 0.307149 0.073209 0.039297
0 0.540000 0.765000 0.060000 0.033750
0 0.511111 0.537500 0.057778 0.032500
0 0.224444 0.627500 0.084444 0.047500
0 0.800000 0.762500 0.057778 0.032500
0 0.284444 0.492500 0.080000 0.045000
0 0.286667 0.538750 0.080000 0.045000
0 0.304444 0.768750 0.060000 0.033750
0 0.786667 0.332500 0.060000 0.033750
0 0.544444 0.575000 0.084444 0.047500
0 0.695556 0.363750 0.084444 0.047500
0 0.844444 0.542500 0.080000 0.045000
0 0.862222 0.638750 0.060000 0.033750
0 0.235556 0.430000 0.082222 0.046250
0 0.771111 0.521250 0.080000 0.045000
0 0.388889 0.780000 0.060000 0.033750
0 0.513333 0.248750 0.060000 0.033750
0 0.148889 0.703750 0.080000 0.045000
0 0.711111 0.451250 0.057778 0.032500
0 0.804444 0.848750 0.055556 0.031250
0 0.204238 0.234525 0.069717 0.041522
0 0.571111 0.503750 0.077778 0.043750
0 0.122222 0.508750 0.071111 0.040000
0 0.855556 0.448750 0.062222 0.035000
0 0.784444 0.570000 0.060000 0.033750
0 0.464444 0.310000 0.080000 0.045000
0 0.124444 0.462500 0.062222 0.035000
0 0.388889 0.820000 0.062222 0.035000
0 0.626667 0.828750 0.057778 0.032500
0 0.700000 0.703750 0.082222 0.046250
0 0.771111 0.428750 0.080000 0.045000
0 0.308889 0.653750 0.060000 0.033750
0 0.695556 0.558750 0.086667 0.048750
0 0.311111 0.450000 0.084444 0.047500
0 0.691111 0.516250 0.077778 0.043750
0 0.302222 0.825000 0.060000 0.033750
0 0.786667 0.616250 0.060000 0.033750
0 0.868889 0.790000 0.057778 0.032500
0 0.557778 0.702500 0.082222 0.046250
0 0.133333 0.563750 0.080000 0.045000
0 0.591111 0.187500 0.060000 0.033750
0 0.635556 0.635000 0.057778 0.032500
0 0.137778 0.611250 0.086667 0.048750
0 0.715556 0.842500 0.057778 0.032500
0 0.468889 0.836250 0.062222 0.035000
0 0.346667 0.235000 0.060000 0.033750
0 0.795556 0.710000 0.060000 0.033750
0 0.197778 0.338750 0.071111 0.040000
0 0.866667 0.250000 0.057778 0.032500
0 0.226667 0.720000 0.080000 0.045000
0 0.135556 0.752500 0.066667 0.037500
0 0.351111 0.185000 0.060000 0.033750
0 0.215556 0.838750 0.057778 0.032500
0 0.780000 0.288750 0.082222 0.046250