0 0.393333 0.576790 0.044444 0.079012
0 0.731111 0.335802 0.037778 0.067160
0 0.408797 0.492316 0.039816 0.074133
0 0.662222 0.726914 0.037778 0.067160
0 0.413333 0.399012 0.037778 0.067160
0 0.566667 0.754568 0.035556 0.063210
0 0.333333 0.248889 0.037778 0.067160
0 0.684444 0.288395 0.037778 0.067160
0 0.197778 0.114568 0.037778 0.067160
0 0.824444 0.884938 0.035556 0.063210
0 0.357778 0.505679 0.044444 0.079012
0 0.580000 0.312099 0.037778 0.067160
0 0.820000 0.470123 0.037778 0.067160
0 0.618138 0.449254 0.041596 0.067953
0 0.637778 0.628148 0.037778 0.067160
0 0.577778 0.525432 0.044444 0.079012
0 0.313333 0.671605 0.037778 0.067160
0 0.320000 0.122469 0.035556 0.063210
0 0.504444 0.363457 0.044444 0.079012
0 0.368889 0.671605 0.037778 0.067160
0 0.508889 0.268642 0.037778 0.067160
0 0.677778 0.568889 0.035556 0.063210
0 0.427019 0.216414 0.041596 0.073949
0 0.371111 0.335802 0.048889 0.086914
0 0.548889 0.110617 0.037778 0.067160
0 0.491111 0.904691 0.035556 0.063210
0 0.248889 0.904691 0.037778 0.067160
0 0.253997 0.667169 0.036882 0.072081
0 0.364444 0.825679 0.037778 0.067160
0 0.722222 0.110617 0.037778 0.067160
0 0.312348 0.327337 0.041596 0.079945
0 0.631111 0.280494 0.048889 0.086914
0 0.708889 0.892840 0.037778 0.067160
0 0.788889 0.651852 0.037778 0.067160
0 0.202222 0.521481 0.035556 0.063210
0 0.744051 0.621135 0.037099 0.071951
0 0.680000 0.379259 0.037778 0.067160
0 0.393333 0.904691 0.037778 0.067160
0 0.606667 0.896790 0.037778 0.067160
0 0.511111 0.636049 0.044444 0.079012
0 0.237778 0.750617 0.035556 0.063210
0 0.831111 0.343704 0.035556 0.063210
0 0.524444 0.521481 0.044444 0.079012
0 0.473333 0.537284 0.037778 0.067160
0 0.731111 0.813827 0.035556 0.063210
0 0.266817 0.826994 0.038224 0.067953
0 0.631111 0.809877 0.060000 0.106667
0 0.611111 0.118519 0.046667 0.082963
0 0.775556 0.557037 0.035556 0.063210
0 0.206667 0.244938 0.035556 0.063210
0 0.773333 0.869136 0.035556 0.063210
0 0.460184 0.284367 0.040472 0.073949
0 0.296501 0.495222 0.048557 0.071951
0 0.526667 0.821728 0.037778 0.067160
0 0.713333 0.501728 0.042222 0.075062
0 0.464444 0.825679 0.035556 0.063210
0 0.546667 0.904691 0.037778 0.067160
0 0.394843 0.752586 0.045240 0.079027
0 0.664444 0.478025 0.037778 0.067160
0 0.241521 0.565174 0.039348 0.075948
0 0.704444 0.205432 0.040000 0.071111
0 0.197778 0.612346 0.035556 0.063210
0 0.250650 0.384298 0.039078 0.081944
0 0.451111 0.734815 0.048889 0.086914
0 0.715556 0.726914 0.044444 0.079012
0 0.657778 0.892840 0.037778 0.067160
0 0.811111 0.754568 0.035556 0.063210
0 0.773333 0.391111 0.037778 0.067160
0 0.566667 0.225185 0.037778 0.067160
0 0.826667 0.110617 0.037778 0.067160
0 0.680000 0.809877 0.044444 0.079012
0 0.406667 0.134321 0.040000 0.071111
0 0.200000 0.410864 0.040000 0.071111
0 0.520000 0.726914 0.042222 0.075062
0 0.299266 0.908000 0.038531 0.069828
0 0.198801 0.698083 0.046093 0.069952
0 0.199363 0.796015 0.040472 0.081944
0 0.199363 0.896946 0.042721 0.075948
0 0.344950 0.903941 0.037099 0.073949
0 0.445007 0.908938 0.041596 0.075948
0 0.765973 0.734058 0.042721 0.081944
0 0.418587 0.825995 0.040472 0.065955
0 0.288177 0.743052 0.040472 0.071951
0 0.340453 0.750047 0.043845 0.073949
0 0.319655 0.819999 0.040472 0.069952
0 0.290987 0.594154 0.050590 0.065955
0 0.271313 0.111486 0.038224 0.079945
0 0.452876 0.111486 0.041596 0.075948
0 0.778340 0.109487 0.044969 0.075948
0 0.754169 0.184436 0.037099 0.073949
0 0.764287 0.471239 0.043845 0.067953
0 0.721566 0.421273 0.034851 0.071951
0 0.629942 0.357317 0.044969 0.071951
0 0.553494 0.386297 0.044969 0.069952
0 0.238149 0.468241 0.048342 0.061957
0 0.260633 0.299357 0.041596 0.071951
0 0.287615 0.219412 0.046093 0.079945
0 0.362376 0.162451 0.040472 0.065955
0 0.383174 0.247392 0.043845 0.071951
0 0.506277 0.111486 0.044969 0.071951
0 0.612516 0.198426 0.041596 0.065955
0 0.453438 0.459247 0.038224 0.071951
0 0.505153 0.442258 0.047218 0.065955
0 0.457935 0.373306 0.044969 0.067953
0 0.417463 0.311348 0.038224 0.071951
0 0.475923 0.200425 0.035975 0.065955
0 0.522578 0.186434 0.041596 0.065955
0 0.367435 0.417276 0.043845 0.067953
0 0.303916 0.409281 0.042721 0.067953
0 0.695147 0.654113 0.040472 0.065955