0 0.233333 0.650000 0.062222 0.035000
0 0.753333 0.512500 0.062222 0.035000
0 0.637778 0.618750 0.062222 0.035000
0 0.433333 0.481250 0.062222 0.035000
0 0.433333 0.625000 0.062222 0.035000
0 0.504444 0.685000 0.062222 0.035000
0 0.175556 0.590000 0.062222 0.035000
0 0.813333 0.400000 0.060000 0.033750
0 0.100000 0.255000 0.062222 0.035000
0 0.622222 0.443750 0.060000 0.033750
0 0.460000 0.658750 0.062222 0.035000
0 0.586667 0.642500 0.062222 0.035000
0 0.102222 0.363750 0.062222 0.035000
0 0.364444 0.432500 0.064444 0.036250
0 0.813333 0.546250 0.060000 0.033750
0 0.773333 0.657500 0.062222 0.035000
0 0.237778 0.576250 0.062222 0.035000
0 0.108889 0.583750 0.064444 0.036250
0 0.573333 0.603750 0.064444 0.036250
0 0.108889 0.657500 0.064444 0.036250
0 0.297778 0.648750 0.062222 0.035000
0 0.304444 0.573750 0.062222 0.035000
0 0.571111 0.681250 0.062222 0.035000
0 0.682222 0.403750 0.064444 0.036250
0 0.295556 0.357500 0.062222 0.035000
0 0.233333 0.615000 0.064444 0.036250
0 0.684444 0.322500 0.073333 0.041250
0 0.808889 0.255000 0.062222 0.035000
0 0.244444 0.503750 0.066667 0.037500
0 0.364444 0.646250 0.064444 0.036250
0 0.168889 0.407500 0.062222 0.035000
0 0.504444 0.506250 0.062222 0.035000
0 0.511111 0.610000 0.064444 0.036250
0 0.366667 0.537500 0.064444 0.036250
0 0.520000 0.647500 0.062222 0.035000
0 0.166667 0.256250 0.064444 0.036250
0 0.746667 0.548750 0.060000 0.033750
0 0.562222 0.465000 0.064444 0.036250
0 0.102222 0.401250 0.064444 0.036250
0 0.380000 0.502500 0.064444 0.036250
0 0.760000 0.696250 0.062222 0.035000
0 0.484444 0.540000 0.062222 0.035000
0 0.482222 0.397500 0.060000 0.033750
0 0.424444 0.262500 0.064444 0.036250
0 0.553333 0.430000 0.064444 0.036250
0 0.315556 0.502500 0.064444 0.036250
0 0.433333 0.693750 0.062222 0.035000
0 0.548889 0.393750 0.062222 0.035000
0 0.817778 0.583750 0.062222 0.035000
0 0.557778 0.570000 0.060000 0.033750
0 0.815556 0.436250 0.060000 0.033750
0 0.424444 0.550000 0.064444 0.036250
0 0.426667 0.586250 0.064444 0.036250
0 0.626667 0.582500 0.062222 0.035000
0 0.366667 0.467500 0.062222 0.035000
0 0.835556 0.660000 0.062222 0.035000
0 0.497778 0.470000 0.062222 0.035000
0 0.302222 0.537500 0.064444 0.036250
0 0.675556 0.545000 0.064444 0.036250
0 0.422222 0.372500 0.062222 0.035000
0 0.700000 0.616250 0.064444 0.036250
0 0.833333 0.696250 0.064444 0.036250
0 0.768889 0.620000 0.062222 0.035000
0 0.684444 0.361250 0.086667 0.048750
0 0.617778 0.325000 0.064444 0.036250
0 0.684444 0.511250 0.064444 0.036250
0 0.106667 0.620000 0.062222 0.035000
0 0.706667 0.655000 0.062222 0.035000
0 0.744444 0.253750 0.064444 0.036250
0 0.617778 0.407500 0.062222 0.035000
0 0.615556 0.362500 0.060000 0.033750
0 0.486667 0.576250 0.064444 0.036250
0 0.104444 0.436250 0.062222 0.035000
0 0.813333 0.363750 0.062222 0.035000
0 0.611111 0.284171 0.060000 0.037093
0 0.297778 0.432500 0.064444 0.036250
0 0.693333 0.691250 0.064444 0.036250
0 0.624444 0.513750 0.062222 0.035000
0 0.437778 0.516250 0.062222 0.035000
0 0.175556 0.626250 0.066667 0.037500
0 0.164444 0.371250 0.064444 0.036250
0 0.362222 0.250000 0.064444 0.036250
0 0.815556 0.510000 0.064444 0.036250
0 0.230805 0.250308 0.061611 0.034385
0 0.684444 0.440000 0.062222 0.035000
0 0.364444 0.396250 0.066667 0.037500
0 0.226667 0.357500 0.064444 0.036250
0 0.366667 0.608750 0.064444 0.036250
0 0.755556 0.585000 0.062222 0.035000
0 0.806667 0.291250 0.060000 0.033750
0 0.608889 0.550000 0.060000 0.033750
0 0.566667 0.501250 0.064444 0.036250
0 0.748889 0.367500 0.060000 0.033750
0 0.644444 0.663750 0.064444 0.036250
0 0.691111 0.580000 0.060000 0.033750
0 0.173333 0.662500 0.071111 0.040000
0 0.831111 0.620000 0.064444 0.036250
0 0.751111 0.326250 0.066667 0.037500
0 0.748889 0.406250 0.064444 0.036250
0 0.177778 0.553750 0.064444 0.036250
0 0.364444 0.357500 0.064444 0.036250
0 0.368889 0.572500 0.064444 0.036250
0 0.177778 0.515000 0.066667 0.037500
0 0.428889 0.443750 0.062222 0.035000
0 0.808889 0.475000 0.071111 0.040000
0 0.100000 0.327500 0.062222 0.035000
0 0.742222 0.291250 0.071111 0.040000
0 0.100000 0.290000 0.066667 0.037500
0 0.111111 0.508750 0.062222 0.035000
0 0.486667 0.253750 0.060000 0.033750
0 0.237778 0.541250 0.071111 0.040000
0 0.548889 0.320000 0.062222 0.035000
0 0.235556 0.397500 0.077778 0.043750
0 0.622222 0.480000 0.062222 0.035000
0 0.297778 0.320000 0.060000 0.033750
0 0.813333 0.327500 0.064444 0.036250
0 0.295556 0.395000 0.062222 0.035000
0 0.171885 0.442816 0.062897 0.034381
0 0.300000 0.610000 0.064444 0.036250
0 0.751111 0.442500 0.062222 0.035000
0 0.162222 0.293750 0.064444 0.036250
0 0.108889 0.546250 0.060000 0.033750
0 0.231111 0.325000 0.077778 0.043750
0 0.108889 0.472500 0.060000 0.033750
0 0.429858 0.335201 0.061749 0.032493
0 0.488889 0.436250 0.064444 0.036250
0 0.680000 0.476250 0.062222 0.035000
0 0.240000 0.433750 0.080000 0.045000
0 0.544444 0.533750 0.071111 0.040000
0 0.677778 0.283750 0.057778 0.032500
0 0.740000 0.477500 0.060000 0.033750
0 0.615556 0.247500 0.057778 0.032500
0 0.548889 0.361250 0.055556 0.031250
0 0.677422 0.249922 0.061417 0.031746
0 0.552927 0.246654 0.058097 0.034547
0 0.296469 0.248055 0.059757 0.035481
0 0.175426 0.479583 0.056700 0.035543
0 0.161946 0.330439 0.059757 0.036415
0 0.229671 0.284500 0.063741 0.037535
0 0.295902 0.284500 0.062745 0.034174
0 0.360141 0.284781 0.061749 0.034734
0 0.367611 0.321475 0.064737 0.034174
0 0.423882 0.296825 0.061749 0.035294
0 0.488121 0.324837 0.060753 0.035294
0 0.483639 0.362652 0.057765 0.035854
0 0.425376 0.409150 0.058761 0.032493
0 0.484635 0.289823 0.063741 0.035854
0 0.549372 0.284781 0.061749 0.034734
0 0.302874 0.468814 0.060753 0.031933
0 0.235647 0.467694 0.063741 0.033053