0 0.597778 0.288750 0.044444 0.025000
0 0.760000 0.348750 0.044444 0.025000
0 0.400989 0.826388 0.041979 0.027223
0 0.402222 0.542500 0.044444 0.025000
0 0.785274 0.701443 0.040563 0.025864
0 0.137778 0.703750 0.048889 0.027500
0 0.568889 0.658750 0.053333 0.030000
0 0.786667 0.826250 0.048889 0.027500
0 0.408889 0.312500 0.033333 0.018750
0 0.186619 0.619625 0.044949 0.022188
0 0.615010 0.634073 0.043114 0.021156
0 0.631111 0.383750 0.048889 0.027500
0 0.393333 0.495000 0.046667 0.026250
0 0.206667 0.826250 0.044444 0.025000
0 0.155556 0.827500 0.044444 0.025000
0 0.158985 0.652242 0.037970 0.023016
0 0.851340 0.690854 0.035097 0.024208
0 0.443470 0.651617 0.043114 0.022188
0 0.637778 0.435000 0.048889 0.027500
0 0.546667 0.437500 0.048889 0.027500
0 0.440000 0.422500 0.046667 0.026250
0 0.226667 0.397500 0.044444 0.025000
0 0.260878 0.628655 0.039533 0.021672
0 0.508889 0.375000 0.046667 0.026250
0 0.295556 0.530000 0.044444 0.025000
0 0.144444 0.342500 0.044444 0.025000
0 0.758571 0.778552 0.034858 0.020124
0 0.566667 0.626250 0.048889 0.027500
0 0.542222 0.827500 0.044444 0.025000
0 0.331111 0.348750 0.035556 0.020000
0 0.140973 0.729412 0.043224 0.021961
0 0.722222 0.307500 0.046667 0.026250
0 0.515556 0.308750 0.044444 0.025000
0 0.695345 0.813909 0.044865 0.024681
0 0.333333 0.420000 0.048889 0.027500
0 0.733417 0.421176 0.037945 0.023529
0 0.487210 0.634099 0.045531 0.024303
0 0.757778 0.460000 0.048889 0.027500
0 0.808566 0.675512 0.035776 0.021475
0 0.848889 0.788750 0.046667 0.026250
0 0.145156 0.447843 0.040436 0.021961
0 0.345775 0.654713 0.042197 0.020124
0 0.606667 0.827500 0.044444 0.025000
0 0.357600 0.822751 0.047022 0.028248
0 0.669802 0.654567 0.042619 0.020865
0 0.193333 0.712500 0.046667 0.026250
0 0.295780 0.702184 0.043114 0.021156
0 0.303462 0.826208 0.041965 0.024915
0 0.186667 0.532500 0.035556 0.020000
0 0.688116 0.708016 0.047343 0.021468
0 0.208889 0.490000 0.051111 0.028750
0 0.736811 0.717653 0.046378 0.025306
0 0.391111 0.706250 0.044444 0.025000
0 0.463192 0.684125 0.036693 0.023220
0 0.724905 0.653793 0.039078 0.022413
0 0.440000 0.795000 0.044444 0.025000
0 0.652850 0.680436 0.045409 0.023372
0 0.609506 0.759202 0.041280 0.022704
0 0.855349 0.738238 0.039445 0.021024
0 0.417778 0.365000 0.033333 0.018750
0 0.630868 0.805533 0.050624 0.025184
0 0.740236 0.825496 0.038249 0.022757
0 0.562722 0.693412 0.041280 0.023220
0 0.598498 0.712246 0.043114 0.019608
0 0.415950 0.681287 0.044949 0.023736
0 0.322635 0.751814 0.043619 0.026128
0 0.365749 0.757654 0.042610 0.023736
0 0.162222 0.780000 0.035556 0.020000
0 0.291111 0.476250 0.035556 0.020000
0 0.242222 0.725000 0.048889 0.027500
0 0.228889 0.752500 0.048889 0.027500
0 0.451215 0.822581 0.035983 0.019608
0 0.496193 0.827324 0.044979 0.025300
0 0.657574 0.829804 0.047407 0.021961
0 0.833261 0.826667 0.052985 0.023529
0 0.130516 0.803922 0.052985 0.020392
0 0.185592 0.800392 0.043224 0.025882
0 0.235091 0.801569 0.047407 0.025098
0 0.282498 0.799608 0.044619 0.024314
0 0.329906 0.799216 0.044619 0.023529
0 0.391256 0.798431 0.044619 0.021961
0 0.524415 0.801961 0.048802 0.021176
0 0.576015 0.806928 0.034876 0.019085
0 0.661757 0.783922 0.044619 0.022745
0 0.700102 0.766275 0.040436 0.018824
0 0.716834 0.789804 0.048802 0.026667
0 0.757967 0.803922 0.047407 0.021961
0 0.806272 0.801514 0.042197 0.022704
0 0.809024 0.775714 0.036693 0.024768
0 0.853973 0.763846 0.042197 0.023736
0 0.822784 0.715084 0.045866 0.025284
0 0.807648 0.749398 0.044949 0.023736
0 0.760406 0.750172 0.045866 0.025284
0 0.780587 0.724372 0.042197 0.022188
0 0.661335 0.627623 0.042197 0.023736
0 0.526029 0.616529 0.041280 0.024252
0 0.487501 0.659615 0.044949 0.023736
0 0.532450 0.644135 0.046784 0.027864
0 0.619138 0.659357 0.047701 0.026316
0 0.698028 0.673289 0.045866 0.026316
0 0.738390 0.691348 0.049536 0.024252
0 0.762241 0.667613 0.045866 0.024252
0 0.717292 0.743206 0.044032 0.021672
0 0.674177 0.731080 0.049536 0.025284
0 0.646199 0.707344 0.043114 0.022188
0 0.606295 0.685157 0.045866 0.027348
0 0.625559 0.733918 0.047701 0.025800
0 0.654913 0.757138 0.044032 0.021672
0 0.309082 0.630203 0.040362 0.022704
0 0.397603 0.656519 0.039445 0.021672
0 0.502179 0.697024 0.043114 0.024252
0 0.528322 0.673031 0.047701 0.025800
0 0.537954 0.715600 0.039445 0.024252
0 0.573730 0.734434 0.039445 0.026832
0 0.600791 0.785002 0.045866 0.022704
0 0.551714 0.784228 0.046784 0.022188
0 0.561346 0.759460 0.044032 0.023220
0 0.526029 0.740110 0.046784 0.022704
0 0.488419 0.724372 0.044949 0.024252
0 0.481539 0.749914 0.045866 0.024768
0 0.486125 0.786550 0.044032 0.023736
0 0.517315 0.767200 0.044032 0.027348
0 0.447139 0.731854 0.052288 0.022704
0 0.440718 0.706054 0.048618 0.021672
0 0.205424 0.644135 0.044032 0.023736
0 0.249455 0.653939 0.051370 0.020640
0 0.296239 0.655487 0.045866 0.023736
0 0.254042 0.827829 0.042197 0.024768
0 0.138918 0.758428 0.044949 0.020124
0 0.133414 0.676901 0.050453 0.025284
0 0.141670 0.626333 0.050453 0.028380
0 0.222394 0.677159 0.043114 0.021672
0 0.321007 0.677417 0.045866 0.022188
0 0.369625 0.677933 0.045866 0.024252
0 0.377881 0.730822 0.040362 0.019608
0 0.334308 0.726694 0.046784 0.021672
0 0.345775 0.701410 0.049536 0.024768
0 0.414574 0.750430 0.036693 0.022704
0 0.450808 0.768232 0.041280 0.026316
0 0.403566 0.774424 0.036693 0.026316
0 0.358617 0.783712 0.042197 0.027348
0 0.313668 0.778810 0.044032 0.022704
0 0.269178 0.778294 0.046784 0.025800
0 0.213221 0.778036 0.046784 0.022188
0 0.182949 0.744238 0.046784 0.025800
0 0.277892 0.754042 0.047701 0.024768
0 0.282020 0.729274 0.050453 0.023736
0 0.242117 0.700636 0.047701 0.023220
0 0.268719 0.678965 0.045866 0.023220
0 0.175152 0.690574 0.045866 0.021672