0 0.684467 0.438261 0.043845 0.081944
0 0.347199 0.102492 0.043845 0.077946
0 0.421960 0.842983 0.040472 0.071951
0 0.498969 0.843982 0.046093 0.077946
0 0.695147 0.573168 0.040472 0.075948
0 0.696271 0.709075 0.035975 0.067953
0 0.154644 0.657392 0.044843 0.092936
0 0.845794 0.820998 0.040472 0.071951
0 0.764849 0.657111 0.035975 0.067953
0 0.343264 0.845981 0.042721 0.077946
0 0.690650 0.845981 0.040472 0.069952
0 0.752483 0.112485 0.042721 0.069952
0 0.590032 0.120480 0.041596 0.077946
0 0.156080 0.522203 0.048342 0.077946
0 0.153513 0.837869 0.040360 0.094138
0 0.694585 0.301355 0.037099 0.075948
0 0.765973 0.815002 0.042721 0.063956
0 0.262882 0.101493 0.041596 0.075948
0 0.501218 0.106489 0.041596 0.073949
0 0.682781 0.156455 0.038224 0.077946
0 0.839048 0.128474 0.040472 0.077946
0 0.424208 0.109487 0.042721 0.079945
0 0.157204 0.375304 0.046093 0.071951
0 0.158891 0.099494 0.047218 0.079945
0 0.842222 0.541235 0.035556 0.063210
0 0.833427 0.405284 0.047218 0.075948
0 0.154530 0.228528 0.037951 0.085696
0 0.843545 0.681094 0.040472 0.075948
0 0.766667 0.517531 0.035556 0.063210
0 0.846667 0.264691 0.035556 0.063210
0 0.768889 0.248889 0.033333 0.059259
0 0.757778 0.383210 0.035556 0.063210