0 0.585476 0.131687 0.041105 0.076822
0 0.495890 0.850255 0.038997 0.067454
0 0.674536 0.171972 0.040051 0.071201
0 0.151771 0.523293 0.044266 0.069327
0 0.680860 0.852129 0.035835 0.067454
0 0.837374 0.686306 0.034781 0.069327
0 0.343065 0.846508 0.041105 0.071201
0 0.347808 0.113887 0.040051 0.071201
0 0.679806 0.447407 0.042159 0.071201
0 0.825253 0.420238 0.040051 0.069327
0 0.689292 0.719095 0.044266 0.067454
0 0.498524 0.121381 0.042159 0.071201
0 0.690346 0.310626 0.042159 0.059959
0 0.264545 0.110139 0.046374 0.071201
0 0.422112 0.120445 0.041105 0.073075
0 0.417369 0.848382 0.044266 0.071201
0 0.831577 0.146677 0.040051 0.065580
0 0.155987 0.245046 0.040051 0.067454
0 0.756745 0.824023 0.035835 0.074948
0 0.839465 0.281584 0.041071 0.073075
0 0.153352 0.656326 0.043212 0.061832
0 0.751111 0.395062 0.033333 0.059259
0 0.688765 0.580441 0.038997 0.067454
0 0.159148 0.104518 0.037943 0.067454
0 0.155987 0.380890 0.037943 0.061832
0 0.746733 0.126066 0.041105 0.073075
0 0.838427 0.825897 0.041105 0.071201
0 0.149663 0.837139 0.035835 0.071201
0 0.758326 0.526103 0.036889 0.063706
0 0.754030 0.659753 0.043052 0.063210
0 0.834739 0.553272 0.035835 0.065580
0 0.760961 0.260036 0.044266 0.067454