0 0.426667 0.702500 0.064444 0.036250
0 0.620000 0.321250 0.064444 0.036250
0 0.537778 0.357500 0.064444 0.036250
0 0.426667 0.625000 0.064444 0.036250
0 0.286667 0.626250 0.066667 0.037500
0 0.557778 0.666250 0.064444 0.036250
0 0.691111 0.547500 0.064444 0.036250
0 0.760000 0.325000 0.064444 0.036250
0 0.688889 0.392500 0.064444 0.036250
0 0.757778 0.443750 0.064444 0.036250
0 0.620000 0.277500 0.064444 0.036250
0 0.835556 0.708750 0.064444 0.036250
0 0.206667 0.328750 0.064444 0.036250
0 0.355556 0.548750 0.064444 0.036250
0 0.431111 0.780000 0.064444 0.036250
0 0.491111 0.445000 0.064444 0.036250
0 0.755556 0.405000 0.064444 0.036250
0 0.757778 0.521250 0.064444 0.036250
0 0.191111 0.635000 0.064444 0.036250
0 0.900000 0.672500 0.064444 0.036250
0 0.220000 0.558750 0.064444 0.036250
0 0.557778 0.511250 0.064444 0.036250
0 0.824444 0.357500 0.064444 0.036250
0 0.286667 0.547500 0.064444 0.036250
0 0.828889 0.278750 0.064444 0.036250
0 0.364444 0.753750 0.064444 0.036250
0 0.760000 0.598750 0.064444 0.036250
0 0.111111 0.278750 0.066667 0.037500
0 0.193333 0.481250 0.064444 0.036250
0 0.426667 0.585000 0.064444 0.036250
0 0.491111 0.597500 0.064444 0.036250
0 0.484444 0.211250 0.064444 0.036250
0 0.191111 0.673750 0.064444 0.036250
0 0.686667 0.352500 0.064444 0.036250
0 0.760000 0.200000 0.064444 0.036250
0 0.831111 0.630000 0.064444 0.036250
0 0.826667 0.161250 0.064444 0.036250
0 0.622222 0.405000 0.064444 0.036250
0 0.893333 0.360000 0.064444 0.036250
0 0.477778 0.482500 0.064444 0.036250
0 0.491111 0.636250 0.064444 0.036250
0 0.346667 0.205000 0.064444 0.036250
0 0.431111 0.741250 0.064444 0.036250
0 0.357778 0.626250 0.064444 0.036250
0 0.560000 0.626250 0.064444 0.036250
0 0.486667 0.675000 0.064444 0.036250
0 0.493333 0.715000 0.064444 0.036250
0 0.202222 0.290000 0.064444 0.036250
0 0.695556 0.626250 0.064444 0.036250
0 0.422222 0.663750 0.064444 0.036250
0 0.626667 0.637500 0.064444 0.036250
0 0.488889 0.405000 0.064444 0.036250
0 0.557778 0.395000 0.064444 0.036250
0 0.293333 0.760000 0.064444 0.036250
0 0.186667 0.251250 0.064444 0.036250
0 0.697778 0.703750 0.064444 0.036250
0 0.222222 0.798750 0.064444 0.036250
0 0.895556 0.241250 0.064444 0.036250
0 0.255556 0.243750 0.064444 0.036250
0 0.422222 0.433750 0.064444 0.036250
0 0.833333 0.670000 0.064444 0.036250
0 0.624444 0.443750 0.064444 0.036250
0 0.551111 0.163750 0.064444 0.036250
0 0.271111 0.166250 0.064444 0.036250
0 0.617778 0.162500 0.064444 0.036250
0 0.148889 0.551250 0.066667 0.037500
0 0.551111 0.318750 0.064444 0.036250
0 0.557778 0.550000 0.064444 0.036250
0 0.893333 0.281250 0.064444 0.036250
0 0.122222 0.590000 0.064444 0.036250
0 0.757778 0.366250 0.064444 0.036250
0 0.897778 0.632500 0.064444 0.036250
0 0.393333 0.242500 0.064444 0.036250
0 0.122222 0.668750 0.064444 0.036250
0 0.822222 0.397500 0.064444 0.036250
0 0.893333 0.321250 0.064444 0.036250
0 0.113333 0.356250 0.064444 0.036250
0 0.122222 0.475000 0.064444 0.036250
0 0.133333 0.513750 0.066667 0.037500
0 0.404444 0.471250 0.066667 0.037500
0 0.566667 0.745000 0.064444 0.036250
0 0.691111 0.432500 0.064444 0.036250
0 0.762222 0.677500 0.064444 0.036250
0 0.482222 0.172500 0.064444 0.036250
0 0.697778 0.665000 0.064444 0.036250
0 0.755556 0.482500 0.064444 0.036250
0 0.895556 0.201250 0.064444 0.036250
0 0.840000 0.747500 0.064444 0.036250
0 0.357778 0.587500 0.064444 0.036250
0 0.124444 0.712500 0.064444 0.036250
0 0.215556 0.598750 0.064444 0.036250
0 0.360000 0.715000 0.064444 0.036250
0 0.671111 0.237500 0.064444 0.036250
0 0.762222 0.286250 0.066667 0.037500
0 0.600000 0.238750 0.064444 0.036250
0 0.282222 0.395000 0.064444 0.036250
0 0.531111 0.241250 0.064444 0.036250
0 0.344444 0.323750 0.064444 0.036250
0 0.333333 0.472500 0.064444 0.036250
0 0.482222 0.330000 0.064444 0.036250
0 0.693333 0.586250 0.064444 0.036250
0 0.195556 0.763750 0.064444 0.036250
0 0.200000 0.175000 0.066667 0.037500
0 0.491111 0.558750 0.064444 0.036250
0 0.826667 0.318750 0.064444 0.036250
0 0.688889 0.198750 0.064444 0.036250
0 0.206667 0.405000 0.064444 0.036250
0 0.426667 0.507500 0.064444 0.036250
0 0.491111 0.520000 0.064444 0.036250
0 0.826667 0.512500 0.064444 0.036250
0 0.626667 0.521250 0.064444 0.036250
0 0.344444 0.165000 0.064444 0.036250
0 0.424444 0.545000 0.071111 0.040000
0 0.137778 0.436250 0.066667 0.037500
0 0.624444 0.558750 0.064444 0.036250
0 0.893333 0.398750 0.064444 0.036250
0 0.631111 0.793750 0.062222 0.035000
0 0.551111 0.203750 0.066667 0.037500
0 0.626667 0.676250 0.064444 0.036250
0 0.764444 0.717500 0.064444 0.036250
0 0.622222 0.482500 0.064444 0.036250
0 0.275556 0.322500 0.064444 0.036250
0 0.893333 0.437500 0.064444 0.036250
0 0.215556 0.443750 0.064444 0.036250
0 0.391111 0.358750 0.064444 0.036250
0 0.822222 0.473750 0.064444 0.036250
0 0.411111 0.282500 0.064444 0.036250
0 0.635556 0.755000 0.062222 0.035000
0 0.322222 0.245000 0.064444 0.036250
0 0.151111 0.798750 0.068889 0.038750
0 0.353333 0.396250 0.064444 0.036250
0 0.557778 0.587500 0.064444 0.036250
0 0.628889 0.598750 0.064444 0.036250
0 0.108889 0.240000 0.064444 0.036250
0 0.828889 0.198750 0.064444 0.036250
0 0.355556 0.435000 0.064444 0.036250
0 0.413333 0.165000 0.064444 0.036250
0 0.324444 0.361250 0.064444 0.036250
0 0.422222 0.393750 0.064444 0.036250
0 0.757778 0.161250 0.064444 0.036250
0 0.564444 0.785000 0.064444 0.036250
0 0.693333 0.273750 0.064444 0.036250
0 0.906667 0.748750 0.062222 0.035000
0 0.124444 0.630000 0.066667 0.037500
0 0.760000 0.236250 0.064444 0.036250
0 0.291111 0.721250 0.064444 0.036250
0 0.288889 0.508750 0.071111 0.040000
0 0.351111 0.663750 0.064444 0.036250
0 0.824444 0.436250 0.064444 0.036250
0 0.840000 0.786250 0.062222 0.035000
0 0.264444 0.472500 0.064444 0.036250
0 0.691111 0.312500 0.064444 0.036250
0 0.197778 0.712500 0.064444 0.036250
0 0.544444 0.281250 0.064444 0.036250
0 0.497778 0.755000 0.062222 0.035000
0 0.906667 0.787500 0.062222 0.035000
0 0.222222 0.516250 0.075556 0.042500
0 0.686667 0.472500 0.071111 0.040000
0 0.277778 0.205000 0.064444 0.036250
0 0.628889 0.715000 0.064444 0.036250
0 0.186667 0.366250 0.075556 0.042500
0 0.462222 0.248750 0.066667 0.037500
0 0.273333 0.283750 0.064444 0.036250
0 0.480000 0.292500 0.075556 0.042500
0 0.495556 0.791250 0.066667 0.037500
0 0.902222 0.710000 0.066667 0.037500
0 0.551111 0.472500 0.064444 0.036250
0 0.620000 0.200000 0.064444 0.036250
0 0.340000 0.285000 0.071111 0.040000
0 0.117778 0.398750 0.066667 0.037500
0 0.826667 0.590000 0.064444 0.036250
0 0.362222 0.792500 0.064444 0.036250
0 0.702222 0.791250 0.062222 0.035000
0 0.293333 0.797500 0.064444 0.036250
0 0.282222 0.433750 0.073333 0.041250
0 0.206667 0.215000 0.071111 0.040000
0 0.360000 0.510000 0.068889 0.038750
0 0.893333 0.477500 0.064444 0.036250
0 0.771111 0.793750 0.066667 0.037500
0 0.415556 0.203750 0.064444 0.036250
0 0.413333 0.322500 0.066667 0.037500
0 0.826667 0.551250 0.066667 0.037500
0 0.895556 0.162500 0.064444 0.036250
0 0.828889 0.236250 0.064444 0.036250
0 0.248889 0.357500 0.073333 0.041250
0 0.688889 0.161250 0.066667 0.037500
0 0.897778 0.593750 0.064444 0.036250
0 0.288889 0.583750 0.075556 0.042500
0 0.280000 0.671250 0.064444 0.036250
0 0.766667 0.755000 0.062222 0.035000
0 0.144444 0.315000 0.077778 0.043750
0 0.613333 0.365000 0.066667 0.037500
0 0.466667 0.365000 0.066667 0.037500
0 0.895556 0.513750 0.064444 0.036250
0 0.757778 0.561250 0.066667 0.037500
0 0.560000 0.703750 0.075556 0.042500
0 0.700000 0.745000 0.066667 0.037500
0 0.895556 0.552500 0.066667 0.037500
0 0.557778 0.433750 0.064444 0.036250
0 0.695556 0.510000 0.071111 0.040000
0 0.762222 0.638750 0.066667 0.037500
0 0.124444 0.755000 0.064444 0.036250