0 0.681671 0.437271 0.040213 0.076102
0 0.844820 0.800483 0.037027 0.073795
0 0.367752 0.835075 0.037618 0.069183
0 0.538332 0.233181 0.036321 0.073795
0 0.526657 0.456873 0.038916 0.078408
0 0.667402 0.157080 0.040213 0.069183
0 0.487093 0.128253 0.035024 0.071489
0 0.501362 0.850065 0.042807 0.066877
0 0.740693 0.112110 0.038916 0.071489
0 0.692697 0.703627 0.041510 0.069183
0 0.839279 0.663270 0.041510 0.076102
0 0.690102 0.568720 0.041510 0.071489
0 0.422882 0.574485 0.038916 0.073795
0 0.690751 0.839687 0.042807 0.073795
0 0.823713 0.391149 0.041510 0.080714
0 0.557141 0.675954 0.037618 0.073795
0 0.157978 0.688870 0.038176 0.071951
0 0.147918 0.137249 0.038059 0.077946
0 0.150084 0.270658 0.043845 0.074948
0 0.162732 0.868746 0.042159 0.071951
0 0.685562 0.301211 0.042807 0.071489
0 0.155987 0.411561 0.052277 0.080944
0 0.835387 0.529516 0.038916 0.080714
0 0.760000 0.509630 0.033333 0.059259
0 0.831496 0.258548 0.038916 0.078408
0 0.157673 0.553963 0.048904 0.077946
0 0.759049 0.245865 0.041902 0.076102
0 0.763393 0.798177 0.040213 0.078408
0 0.746667 0.379259 0.035556 0.063210
0 0.403879 0.321623 0.038786 0.068953
0 0.825658 0.120182 0.037618 0.069183
0 0.760000 0.640000 0.035556 0.063210