0 0.717778 0.650000 0.062222 0.035000
0 0.451111 0.512500 0.062222 0.035000
0 0.833333 0.215000 0.060000 0.033750
0 0.133333 0.617500 0.062222 0.035000
0 0.531111 0.645000 0.062222 0.035000
0 0.546667 0.607500 0.060000 0.033750
0 0.395556 0.533750 0.062222 0.035000
0 0.651111 0.542500 0.060000 0.033750
0 0.406667 0.463750 0.064444 0.036250
0 0.200000 0.551250 0.062222 0.035000
0 0.135556 0.470000 0.062222 0.035000
0 0.248889 0.281250 0.062222 0.035000
0 0.460000 0.653750 0.062222 0.035000
0 0.135556 0.432500 0.064444 0.036250
0 0.524444 0.431250 0.062222 0.035000
0 0.511111 0.212500 0.060000 0.033750
0 0.608889 0.602500 0.064444 0.036250
0 0.324444 0.608750 0.062222 0.035000
0 0.527711 0.466734 0.062088 0.032218
0 0.464444 0.478750 0.062222 0.035000
0 0.768889 0.212500 0.060000 0.033750
0 0.253333 0.356250 0.064444 0.036250
0 0.320000 0.393750 0.064444 0.036250
0 0.128889 0.361250 0.062222 0.035000
0 0.202222 0.477500 0.062222 0.035000
0 0.797778 0.616250 0.062222 0.035000
0 0.777778 0.472500 0.060000 0.033750
0 0.793333 0.580000 0.060000 0.033750
0 0.775556 0.327500 0.060000 0.033750
0 0.600000 0.638750 0.071111 0.040000
0 0.197778 0.623750 0.064444 0.036250
0 0.453333 0.405000 0.062222 0.035000
0 0.457778 0.442500 0.062222 0.035000
0 0.857778 0.580000 0.060000 0.033750
0 0.513333 0.536250 0.062222 0.035000
0 0.666667 0.623750 0.062222 0.035000
0 0.768889 0.247500 0.060000 0.033750
0 0.837778 0.433750 0.060000 0.033750
0 0.262222 0.538750 0.064444 0.036250
0 0.271111 0.466250 0.064444 0.036250
0 0.728889 0.613750 0.064444 0.036250
0 0.642222 0.323750 0.062222 0.035000
0 0.700000 0.507500 0.066667 0.037500
0 0.391111 0.605000 0.066667 0.037500
0 0.391111 0.570000 0.064444 0.036250
0 0.837778 0.506250 0.062222 0.035000
0 0.860000 0.655000 0.062222 0.035000
0 0.711111 0.322500 0.060000 0.033750
0 0.646667 0.403750 0.064444 0.036250
0 0.828889 0.251250 0.062222 0.035000
0 0.837778 0.397500 0.062222 0.035000
0 0.184444 0.252500 0.062222 0.035000
0 0.515556 0.395000 0.062222 0.035000
0 0.340000 0.463750 0.062222 0.035000
0 0.486667 0.618750 0.060000 0.033750
0 0.388889 0.392500 0.066667 0.037500
0 0.460000 0.583750 0.064444 0.036250
0 0.120000 0.250000 0.062222 0.035000
0 0.446667 0.332500 0.062222 0.035000
0 0.260000 0.501250 0.064444 0.036250
0 0.122222 0.287500 0.064444 0.036250
0 0.835556 0.325000 0.064444 0.036250
0 0.391111 0.428750 0.062222 0.035000
0 0.728889 0.576250 0.062222 0.035000
0 0.126667 0.213750 0.071111 0.040000
0 0.713333 0.541250 0.064444 0.036250
0 0.453333 0.547500 0.064444 0.036250
0 0.782222 0.545000 0.062222 0.035000
0 0.786667 0.655000 0.062222 0.035000
0 0.573333 0.353750 0.062222 0.035000
0 0.577778 0.391250 0.064444 0.036250
0 0.651111 0.441250 0.062222 0.035000
0 0.844444 0.545000 0.062222 0.035000
0 0.842222 0.287500 0.060000 0.033750
0 0.773333 0.436250 0.062222 0.035000
0 0.777778 0.286250 0.062222 0.035000
0 0.708889 0.366250 0.071111 0.040000
0 0.837778 0.471250 0.071111 0.040000
0 0.648889 0.475000 0.060000 0.033750
0 0.862222 0.618750 0.060000 0.033750
0 0.253333 0.392500 0.060000 0.033750
0 0.184444 0.290000 0.064444 0.036250
0 0.133333 0.581250 0.062222 0.035000
0 0.255556 0.210000 0.062222 0.035000
0 0.317778 0.316250 0.060000 0.033750
0 0.664444 0.578750 0.060000 0.033750
0 0.631111 0.510000 0.064444 0.036250
0 0.506667 0.247500 0.060000 0.033750
0 0.644444 0.367500 0.060000 0.033750
0 0.768889 0.366250 0.073333 0.041250
0 0.246667 0.318750 0.064444 0.036250
0 0.262222 0.611250 0.064444 0.036250
0 0.262222 0.575000 0.064444 0.036250
0 0.600000 0.566250 0.064444 0.036250
0 0.200000 0.587500 0.064444 0.036250
0 0.635556 0.243750 0.064444 0.036250
0 0.535556 0.570000 0.064444 0.036250
0 0.642222 0.283750 0.060000 0.033750
0 0.193333 0.407500 0.071111 0.040000
0 0.391111 0.355000 0.064444 0.036250
0 0.191111 0.368750 0.064444 0.036250
0 0.200000 0.513750 0.062222 0.035000
0 0.582222 0.530000 0.060000 0.033750
0 0.768889 0.511250 0.071111 0.040000
0 0.188889 0.216250 0.062222 0.035000
0 0.588889 0.426250 0.064444 0.036250
0 0.320000 0.280000 0.062222 0.035000
0 0.713333 0.281250 0.066667 0.037500
0 0.386667 0.243750 0.064444 0.036250
0 0.135556 0.545000 0.064444 0.036250
0 0.328889 0.535000 0.062222 0.035000
0 0.506667 0.357500 0.062222 0.035000
0 0.708889 0.401250 0.071111 0.040000
0 0.768889 0.401250 0.073333 0.041250
0 0.188889 0.332500 0.071111 0.040000
0 0.388889 0.320000 0.071111 0.040000
0 0.133333 0.507500 0.060000 0.033750
0 0.128889 0.325000 0.071111 0.040000
0 0.326667 0.430000 0.064444 0.036250
0 0.326667 0.571250 0.064444 0.036250
0 0.837778 0.361250 0.062222 0.035000
0 0.588889 0.462500 0.062222 0.035000
0 0.246667 0.245000 0.064444 0.036250
0 0.568889 0.316250 0.060000 0.033750
0 0.257778 0.428750 0.064444 0.036250
0 0.708889 0.472500 0.062222 0.035000
0 0.568889 0.283750 0.080000 0.045000
0 0.446667 0.221250 0.064444 0.036250
0 0.446667 0.298750 0.071111 0.040000
0 0.129017 0.396446 0.062092 0.033088
0 0.200912 0.441483 0.062092 0.034926
0 0.321827 0.354779 0.070806 0.035539
0 0.316925 0.208946 0.063181 0.035539
0 0.385553 0.208946 0.065359 0.033088
0 0.318015 0.244485 0.065359 0.031863
0 0.448734 0.256740 0.061002 0.035539
0 0.390455 0.281250 0.059913 0.035539
0 0.507013 0.286152 0.068627 0.037990
0 0.505379 0.322304 0.065359 0.031863
0 0.576729 0.207108 0.064270 0.036765
0 0.570193 0.242647 0.059913 0.035539
0 0.641995 0.208709 0.061238 0.036566
0 0.704646 0.208444 0.060296 0.036036
0 0.706059 0.243950 0.065006 0.034976
0 0.708885 0.436319 0.057469 0.037096
0 0.574551 0.496324 0.062092 0.034314
0 0.511370 0.502145 0.066449 0.037377
0 0.390455 0.499387 0.059913 0.033088
0 0.322917 0.497855 0.059913 0.034926
0 0.449823 0.369485 0.063181 0.035539