0 0.524444 0.521481 0.044444 0.079012
0 0.313333 0.667654 0.037778 0.067160
0 0.395556 0.742716 0.053333 0.094815
0 0.286667 0.217284 0.037778 0.067160
0 0.720051 0.421217 0.037881 0.072063
0 0.453333 0.454321 0.037778 0.067160
0 0.202222 0.517531 0.035556 0.063210
0 0.393333 0.572840 0.044444 0.079012
0 0.773333 0.553086 0.035556 0.063210
0 0.406895 0.130370 0.037323 0.067160
0 0.415556 0.308148 0.037778 0.067160
0 0.297778 0.900741 0.037778 0.067160
0 0.786667 0.647901 0.037778 0.067160
0 0.302230 0.411280 0.037099 0.071951
0 0.662259 0.724065 0.042149 0.065955
0 0.826667 0.343704 0.035556 0.063210
0 0.614203 0.445256 0.035975 0.063956
0 0.357778 0.501728 0.044444 0.079012
0 0.500000 0.110617 0.037778 0.067160
0 0.293333 0.489877 0.037778 0.067160
0 0.198145 0.110268 0.032040 0.065955
0 0.722222 0.106667 0.037778 0.067160
0 0.670371 0.560316 0.056297 0.077669
0 0.517778 0.719012 0.048889 0.086914
0 0.633333 0.284444 0.053333 0.094815
0 0.371111 0.414815 0.046667 0.082963
0 0.706667 0.888889 0.035556 0.063210
0 0.715556 0.726914 0.035556 0.063210
0 0.506667 0.280494 0.044444 0.079012
0 0.475556 0.205432 0.042222 0.075062
0 0.631111 0.813827 0.037778 0.067160
0 0.700000 0.205432 0.035556 0.063210
0 0.818812 0.470123 0.035975 0.079012
0 0.551111 0.379259 0.037778 0.067160
0 0.255689 0.659109 0.042491 0.071951
0 0.820000 0.880988 0.035556 0.063210
0 0.197778 0.695309 0.035556 0.063210
0 0.824444 0.110617 0.035556 0.063210
0 0.342606 0.732183 0.045901 0.077699
0 0.373333 0.659753 0.048889 0.086914
0 0.197778 0.406914 0.035556 0.063210
0 0.745175 0.620136 0.037099 0.065955
0 0.566667 0.225185 0.037778 0.067160
0 0.266667 0.821728 0.035556 0.063210
0 0.446667 0.734815 0.035556 0.063210
0 0.808889 0.750617 0.035556 0.063210
0 0.337778 0.244938 0.051111 0.090864
0 0.206667 0.240988 0.037778 0.067160
0 0.426667 0.213333 0.037778 0.067160
0 0.242222 0.462222 0.048889 0.086914
0 0.575556 0.521481 0.048889 0.086914
0 0.546667 0.888889 0.042222 0.075062
0 0.320000 0.126420 0.042222 0.075062
0 0.466667 0.817778 0.048889 0.086914
0 0.455556 0.363457 0.042222 0.075062
0 0.639123 0.625913 0.040472 0.065955
0 0.260000 0.296296 0.040000 0.071111
0 0.664444 0.474074 0.040000 0.071111
0 0.442222 0.896790 0.037778 0.067160
0 0.606667 0.892840 0.035556 0.063210
0 0.244444 0.564938 0.048889 0.086914
0 0.608889 0.114568 0.044444 0.079012
0 0.675556 0.379259 0.042222 0.075062
0 0.768889 0.391111 0.035556 0.063210
0 0.197778 0.790123 0.033333 0.059259
0 0.768889 0.865185 0.035556 0.063210
0 0.364084 0.817611 0.037056 0.074728
0 0.566667 0.742716 0.044444 0.079012
0 0.202222 0.884938 0.035556 0.063210
0 0.200000 0.604444 0.035556 0.063210
0 0.271313 0.109487 0.038224 0.067953
0 0.361814 0.163450 0.046093 0.071951
0 0.452314 0.111486 0.040472 0.071951
0 0.548998 0.110487 0.044969 0.073949
0 0.778340 0.107489 0.040472 0.071951
0 0.752483 0.191431 0.044969 0.079945
0 0.730560 0.335332 0.043845 0.075948
0 0.684467 0.289364 0.041596 0.067953
0 0.610268 0.190432 0.043845 0.077946
0 0.523702 0.185435 0.041596 0.071951
0 0.383174 0.243395 0.043845 0.071951
0 0.248267 0.382300 0.043845 0.073949
0 0.313472 0.325339 0.048342 0.075948
0 0.289863 0.587159 0.041596 0.079945
0 0.238149 0.747049 0.041596 0.063956
0 0.248829 0.903941 0.042721 0.073949
0 0.346075 0.900943 0.043845 0.071951
0 0.393292 0.903941 0.039348 0.069952
0 0.491100 0.899944 0.043845 0.069952
0 0.657485 0.898944 0.041596 0.071951
0 0.728874 0.808007 0.035975 0.073949
0 0.765411 0.727063 0.034851 0.067953
0 0.679408 0.817001 0.035975 0.067953
0 0.529324 0.817001 0.050590 0.067953
0 0.418587 0.820998 0.035975 0.059959
0 0.513584 0.643120 0.046093 0.063956
0 0.316283 0.823996 0.042721 0.065955
0 0.287053 0.739054 0.038224 0.063956
0 0.473112 0.535195 0.046093 0.071951
0 0.499532 0.438261 0.040472 0.069952
0 0.506277 0.359315 0.044969 0.075948
0 0.407907 0.490225 0.043845 0.065955
0 0.369683 0.323340 0.037099 0.071951
0 0.461308 0.279370 0.042721 0.071951
0 0.412404 0.397289 0.037099 0.075948
0 0.708638 0.502217 0.040472 0.073949
0 0.758666 0.469240 0.039348 0.063956
0 0.580476 0.310349 0.049466 0.077946
0 0.628256 0.358316 0.041596 0.065955
0 0.694023 0.644120 0.042721 0.065955