0 0.697778 0.343750 0.082222 0.046250
0 0.106667 0.165000 0.062222 0.035000
0 0.868889 0.577500 0.060000 0.033750
0 0.542222 0.362500 0.082222 0.046250
0 0.286667 0.318750 0.082222 0.046250
0 0.700000 0.228750 0.062222 0.035000
0 0.513333 0.226250 0.062222 0.035000
0 0.560000 0.443750 0.082222 0.046250
0 0.495556 0.476250 0.080000 0.045000
0 0.280000 0.525000 0.082222 0.046250
0 0.397778 0.722500 0.060000 0.033750
0 0.304444 0.435000 0.082222 0.046250
0 0.542222 0.753750 0.060000 0.033750
0 0.386667 0.818750 0.060000 0.033750
0 0.124444 0.350000 0.062222 0.035000
0 0.480000 0.721250 0.060000 0.033750
0 0.388889 0.386250 0.082222 0.046250
0 0.802222 0.697500 0.060000 0.033750
0 0.462222 0.331250 0.060000 0.033750
0 0.508889 0.522500 0.080000 0.045000
0 0.291111 0.262500 0.062222 0.035000
0 0.802222 0.260000 0.062222 0.035000
0 0.793333 0.602500 0.060000 0.033750
0 0.595556 0.231250 0.062222 0.035000
0 0.206667 0.503750 0.082222 0.046250
0 0.806667 0.751250 0.060000 0.033750
0 0.553333 0.606250 0.082222 0.046250
0 0.504444 0.172500 0.062222 0.035000
0 0.648889 0.465000 0.060000 0.033750
0 0.468889 0.630000 0.084444 0.047500
0 0.548889 0.561250 0.080000 0.045000
0 0.544444 0.272500 0.060000 0.033750
0 0.471111 0.827500 0.060000 0.033750
0 0.708889 0.291250 0.082222 0.046250
0 0.386667 0.432500 0.082222 0.046250
0 0.468889 0.583750 0.082222 0.046250
0 0.388889 0.770000 0.060000 0.033750
0 0.622222 0.525000 0.082222 0.046250
0 0.700000 0.592500 0.082222 0.046250
0 0.788889 0.361250 0.060000 0.033750
0 0.564444 0.700000 0.060000 0.033750
0 0.471111 0.777500 0.062222 0.035000
0 0.188889 0.211250 0.062222 0.035000
0 0.622222 0.737500 0.060000 0.033750
0 0.715556 0.433750 0.060000 0.033750
0 0.371111 0.311250 0.062222 0.035000
0 0.348889 0.552500 0.060000 0.033750
0 0.862222 0.432500 0.060000 0.033750
0 0.300000 0.707500 0.060000 0.033750
0 0.211111 0.830000 0.060000 0.033750
0 0.362222 0.482500 0.082222 0.046250
0 0.628889 0.666250 0.082222 0.046250
0 0.880000 0.778750 0.060000 0.033750
0 0.135556 0.598750 0.082222 0.046250
0 0.340000 0.213750 0.060000 0.033750
0 0.702222 0.390000 0.084444 0.047500
0 0.297778 0.588750 0.082222 0.046250
0 0.202222 0.670000 0.062222 0.035000
0 0.864444 0.530000 0.060000 0.033750
0 0.880000 0.723750 0.057778 0.032500
0 0.344444 0.161250 0.062222 0.035000
0 0.126667 0.797500 0.060000 0.033750
0 0.271111 0.477500 0.060000 0.033750
0 0.108889 0.553750 0.060000 0.033750
0 0.302222 0.815000 0.060000 0.033750
0 0.680000 0.777500 0.060000 0.033750
0 0.226667 0.367500 0.086667 0.048750
0 0.775556 0.411250 0.082222 0.046250
0 0.315556 0.635000 0.086667 0.048750
0 0.184444 0.317500 0.060000 0.033750
0 0.622222 0.291250 0.086667 0.048750
0 0.137778 0.645000 0.082222 0.046250
0 0.108889 0.495000 0.062222 0.035000
0 0.104444 0.446250 0.060000 0.033750
0 0.302222 0.758750 0.060000 0.033750
0 0.191111 0.572500 0.060000 0.033750
0 0.388889 0.651250 0.060000 0.033750
0 0.693333 0.501250 0.082222 0.046250
0 0.628889 0.570000 0.080000 0.045000
0 0.633333 0.617500 0.082222 0.046250
0 0.866667 0.481250 0.062222 0.035000
0 0.697778 0.547500 0.082222 0.046250
0 0.613333 0.390000 0.080000 0.045000
0 0.204444 0.767500 0.060000 0.033750
0 0.702222 0.642500 0.084444 0.047500
0 0.617778 0.342500 0.082222 0.046250
0 0.131111 0.400000 0.060000 0.033750
0 0.306667 0.388750 0.084444 0.047500
0 0.704444 0.691250 0.082222 0.046250
0 0.873333 0.285000 0.060000 0.033750
0 0.788889 0.506250 0.060000 0.033750
0 0.220000 0.612500 0.086667 0.048750
0 0.777778 0.460000 0.086667 0.048750
0 0.573333 0.490000 0.082222 0.046250
0 0.220000 0.411250 0.060000 0.033750
0 0.428889 0.533750 0.080000 0.045000
0 0.462222 0.281250 0.062222 0.035000
0 0.864444 0.382500 0.062222 0.035000
0 0.868889 0.625000 0.060000 0.033750
0 0.782222 0.318750 0.086667 0.048750
0 0.875188 0.228322 0.055773 0.041830
0 0.631111 0.818750 0.057778 0.032500
0 0.202222 0.457500 0.082222 0.046250
0 0.786667 0.645000 0.086667 0.048750
0 0.777778 0.550000 0.082222 0.046250
0 0.751111 0.132500 0.060000 0.033750
0 0.866667 0.335000 0.062222 0.035000
0 0.377778 0.603750 0.071111 0.040000
0 0.104444 0.298750 0.060000 0.033750
0 0.215556 0.716250 0.071111 0.040000
0 0.722222 0.833750 0.060000 0.033750
0 0.144444 0.692500 0.082222 0.046250
0 0.546667 0.801250 0.071111 0.040000
0 0.871111 0.673750 0.071111 0.040000
0 0.813333 0.838750 0.057778 0.032500
0 0.124444 0.748750 0.060000 0.033750
0 0.388889 0.256250 0.064444 0.036250
0 0.588889 0.162500 0.060000 0.033750