0 0.444444 0.238750 0.064444 0.036250
0 0.244444 0.211250 0.064444 0.036250
0 0.504444 0.196250 0.064444 0.036250
0 0.480000 0.296250 0.064444 0.036250
0 0.675556 0.255000 0.064444 0.036250
0 0.544444 0.227500 0.064444 0.036250
0 0.357778 0.195000 0.064444 0.036250
0 0.417778 0.275000 0.064444 0.036250
0 0.628889 0.227500 0.064444 0.036250
0 0.675556 0.197500 0.064444 0.036250
0 0.586667 0.258750 0.066667 0.037500
0 0.791111 0.200000 0.064444 0.036250
0 0.344444 0.267500 0.064444 0.036250
0 0.806667 0.237500 0.064444 0.036250
0 0.506667 0.260000 0.064444 0.036250
0 0.308889 0.223750 0.064444 0.036250
0 0.424444 0.201250 0.064444 0.036250
0 0.748889 0.263750 0.075556 0.042500
0 0.586667 0.197500 0.071111 0.040000
0 0.722222 0.226250 0.066667 0.037500
0 0.377778 0.232500 0.064444 0.036250
0 0.670806 0.670588 0.003486 0.000000