0 0.677131 0.152467 0.041510 0.078408
0 0.510442 0.845452 0.042807 0.076102
0 0.495525 0.119029 0.041510 0.076102
0 0.747827 0.101733 0.037618 0.078408
0 0.569464 0.673647 0.041510 0.078408
0 0.699183 0.562954 0.044104 0.078408
0 0.856213 0.796934 0.036463 0.085145
0 0.770528 0.501842 0.049293 0.076102
0 0.412505 0.317354 0.044104 0.076102
0 0.374886 0.823544 0.041510 0.073795
0 0.160202 0.267773 0.042807 0.069183
0 0.773122 0.637903 0.044104 0.066877
0 0.852899 0.650586 0.040213 0.064571
0 0.687508 0.426894 0.038916 0.073795
0 0.832793 0.112110 0.044104 0.076102
0 0.166667 0.679506 0.035556 0.063210
0 0.834090 0.381925 0.041510 0.076102
0 0.166040 0.406139 0.044104 0.069183
0 0.700480 0.833922 0.038916 0.071489
0 0.168634 0.546812 0.038916 0.073795
0 0.160202 0.130559 0.042807 0.071489
0 0.173823 0.858136 0.041510 0.059959
0 0.701777 0.699015 0.044104 0.078408
0 0.549358 0.220497 0.035024 0.076102
0 0.537035 0.452261 0.044104 0.073795
0 0.774420 0.790106 0.038916 0.076102
0 0.431963 0.573332 0.041510 0.076102
0 0.694643 0.294293 0.040213 0.066877
0 0.757778 0.367407 0.033333 0.059259
0 0.846667 0.517531 0.033333 0.059259
0 0.844444 0.244938 0.035556 0.063210
0 0.766667 0.233086 0.035556 0.063210