0 0.842222 0.545000 0.062222 0.035000
0 0.513333 0.537500 0.062222 0.035000
0 0.262222 0.610000 0.062222 0.035000
0 0.326667 0.608750 0.062222 0.035000
0 0.791111 0.580000 0.060000 0.033750
0 0.268889 0.465000 0.062222 0.035000
0 0.648889 0.441250 0.060000 0.033750
0 0.651111 0.476250 0.060000 0.033750
0 0.613333 0.602500 0.062222 0.035000
0 0.711111 0.365000 0.060000 0.033750
0 0.546667 0.606250 0.064444 0.036250
0 0.706667 0.283750 0.075556 0.042500
0 0.717778 0.650000 0.062222 0.035000
0 0.393333 0.570000 0.064444 0.036250
0 0.195556 0.406250 0.062222 0.035000
0 0.511111 0.215000 0.060000 0.033750
0 0.840000 0.471250 0.060000 0.033750
0 0.257778 0.393750 0.062222 0.035000
0 0.573333 0.355000 0.062222 0.035000
0 0.135556 0.617500 0.062222 0.035000
0 0.135299 0.544328 0.069402 0.034905
0 0.860000 0.655000 0.060000 0.033750
0 0.835556 0.435000 0.060000 0.033750
0 0.595556 0.638750 0.066667 0.037500
0 0.393333 0.606250 0.062222 0.035000
0 0.137778 0.507500 0.064444 0.036250
0 0.391111 0.431250 0.066667 0.037500
0 0.644444 0.405000 0.064444 0.036250
0 0.451111 0.512500 0.062222 0.035000
0 0.795556 0.616250 0.062222 0.035000
0 0.391111 0.393750 0.064444 0.036250
0 0.457778 0.443750 0.064444 0.036250
0 0.124444 0.288750 0.062222 0.035000
0 0.642222 0.368750 0.062222 0.035000
0 0.728889 0.613750 0.064444 0.036250
0 0.700000 0.507500 0.064444 0.036250
0 0.704444 0.211250 0.060000 0.033750
0 0.773333 0.473750 0.064444 0.036250
0 0.711111 0.325000 0.060000 0.033750
0 0.537778 0.570000 0.064444 0.036250
0 0.331111 0.536250 0.064444 0.036250
0 0.202222 0.551250 0.062222 0.035000
0 0.251111 0.282500 0.062222 0.035000
0 0.602222 0.566250 0.060000 0.033750
0 0.784444 0.655000 0.060000 0.033750
0 0.322222 0.395000 0.064444 0.036250
0 0.328889 0.430000 0.064444 0.036250
0 0.833333 0.326250 0.064444 0.036250
0 0.524444 0.433750 0.062222 0.035000
0 0.653333 0.543750 0.060000 0.033750
0 0.726667 0.577500 0.060000 0.033750
0 0.771111 0.330000 0.064444 0.036250
0 0.395556 0.535000 0.062222 0.035000
0 0.328889 0.500000 0.066667 0.037500
0 0.662222 0.580000 0.062222 0.035000
0 0.204444 0.586250 0.064444 0.036250
0 0.448889 0.371250 0.064444 0.036250
0 0.591111 0.462500 0.062222 0.035000
0 0.835556 0.361250 0.062222 0.035000
0 0.460000 0.652500 0.062222 0.035000
0 0.344444 0.463750 0.066667 0.037500
0 0.640000 0.326250 0.064444 0.036250
0 0.455556 0.547500 0.062222 0.035000
0 0.633333 0.511250 0.060000 0.033750
0 0.777778 0.290000 0.064444 0.036250
0 0.580000 0.391250 0.062222 0.035000
0 0.780000 0.546250 0.062222 0.035000
0 0.131111 0.362500 0.062222 0.035000
0 0.451111 0.222500 0.060000 0.033750
0 0.131111 0.325000 0.066667 0.037500
0 0.266667 0.501250 0.066667 0.037500
0 0.391111 0.318750 0.064444 0.036250
0 0.531111 0.645000 0.062222 0.035000
0 0.188889 0.332500 0.062222 0.035000
0 0.455556 0.406250 0.062222 0.035000
0 0.528889 0.468750 0.062222 0.035000
0 0.202222 0.441250 0.062222 0.035000
0 0.464444 0.478750 0.062222 0.035000
0 0.124444 0.215000 0.060000 0.033750
0 0.486667 0.618750 0.060000 0.033750
0 0.642222 0.287500 0.064444 0.036250
0 0.124444 0.252500 0.064444 0.036250
0 0.408889 0.465000 0.064444 0.036250
0 0.137778 0.471250 0.062222 0.035000
0 0.204444 0.477500 0.062222 0.035000
0 0.580000 0.531250 0.062222 0.035000
0 0.766667 0.215000 0.062222 0.035000
0 0.460000 0.583750 0.062222 0.035000
0 0.835556 0.397500 0.064444 0.036250
0 0.837778 0.290000 0.064444 0.036250
0 0.202222 0.623750 0.062222 0.035000
0 0.831111 0.217500 0.062222 0.035000
0 0.768889 0.367500 0.073333 0.041250
0 0.833333 0.507500 0.071111 0.040000
0 0.391111 0.357500 0.071111 0.040000
0 0.266667 0.572500 0.064444 0.036250
0 0.324444 0.357500 0.064444 0.036250
0 0.855556 0.618750 0.064444 0.036250
0 0.771111 0.510000 0.062222 0.035000
0 0.662222 0.620000 0.062222 0.035000
0 0.255556 0.357500 0.066667 0.037500
0 0.266667 0.538750 0.064444 0.036250
0 0.255556 0.212500 0.064444 0.036250
0 0.568889 0.318750 0.062222 0.035000
0 0.771111 0.437500 0.064444 0.036250
0 0.197778 0.371250 0.073333 0.041250
0 0.255556 0.318750 0.071111 0.040000
0 0.573333 0.281250 0.064444 0.036250
0 0.320000 0.317500 0.060000 0.033750
0 0.140000 0.432500 0.066667 0.037500
0 0.824444 0.253750 0.066667 0.037500
0 0.322222 0.280000 0.071111 0.040000
0 0.202222 0.515000 0.064444 0.036250
0 0.857778 0.580000 0.060000 0.033750
0 0.708889 0.402500 0.064444 0.036250
0 0.708889 0.435000 0.064444 0.036250
0 0.717778 0.540000 0.064444 0.036250
0 0.188889 0.293750 0.071111 0.040000
0 0.517778 0.395000 0.064444 0.036250
0 0.773333 0.403750 0.062222 0.035000
0 0.448889 0.336250 0.071111 0.040000
0 0.711111 0.473750 0.066667 0.037500
0 0.588889 0.425000 0.064444 0.036250
0 0.193333 0.217500 0.064444 0.036250
0 0.508889 0.358750 0.060000 0.033750
0 0.451867 0.300055 0.058488 0.038640
0 0.134627 0.580454 0.061417 0.035481
0 0.576166 0.495487 0.061417 0.033613
0 0.507279 0.501556 0.063077 0.030812
0 0.396065 0.497355 0.073037 0.033613
0 0.331328 0.572051 0.076356 0.041083
0 0.264101 0.428727 0.064737 0.036415
0 0.132967 0.398382 0.064737 0.033613
0 0.190234 0.254124 0.066397 0.034547
0 0.255801 0.246654 0.061417 0.036415
0 0.317218 0.245254 0.068057 0.031746
0 0.324688 0.211640 0.063077 0.035481
0 0.386105 0.212107 0.063077 0.032680
0 0.386935 0.247121 0.061417 0.037348
0 0.513089 0.286804 0.058097 0.036415
0 0.447522 0.259259 0.069717 0.035481
0 0.394405 0.284002 0.063077 0.038282
0 0.510599 0.250389 0.056437 0.038282
0 0.573676 0.246187 0.063077 0.035481
0 0.577826 0.211173 0.064737 0.038282
0 0.640903 0.210707 0.064737 0.033613
0 0.636753 0.245721 0.056437 0.038282
0 0.706470 0.247121 0.066397 0.033613
0 0.768717 0.251790 0.054777 0.035481
0 0.507279 0.324152 0.063077 0.036415