0 0.524444 0.801975 0.033333 0.059259
0 0.661667 0.569000 0.038165 0.064692
0 0.288889 0.809877 0.033333 0.059259
0 0.228889 0.537284 0.033333 0.059259
0 0.647910 0.714164 0.035502 0.061537
0 0.602222 0.458272 0.033333 0.059259
0 0.308889 0.600494 0.033333 0.059259
0 0.522222 0.533333 0.040000 0.071111
0 0.503523 0.305417 0.039620 0.061698
0 0.222222 0.169877 0.033333 0.059259
0 0.597778 0.869136 0.031111 0.055309
0 0.379427 0.808046 0.036389 0.059959
0 0.417778 0.505679 0.040000 0.071111
0 0.508889 0.636049 0.040000 0.071111
0 0.411111 0.181728 0.033333 0.059259
0 0.791111 0.154074 0.033333 0.059259
0 0.493333 0.877037 0.031111 0.055309
0 0.748889 0.837531 0.031111 0.055309
0 0.558268 0.266051 0.039052 0.064692
0 0.664444 0.798025 0.033333 0.059259
0 0.380314 0.363089 0.038165 0.066270
0 0.744444 0.406914 0.033333 0.059259
0 0.226667 0.438519 0.033333 0.059259
0 0.451111 0.730864 0.033333 0.059259
0 0.317778 0.434568 0.033333 0.059259
0 0.664444 0.316049 0.031111 0.055309
0 0.762222 0.640000 0.031111 0.055309
0 0.544444 0.402963 0.033333 0.059259
0 0.366667 0.517531 0.037778 0.067160
0 0.231367 0.865830 0.036068 0.061920
0 0.697778 0.154074 0.035556 0.063210
0 0.784444 0.734815 0.035556 0.063210
0 0.718914 0.618703 0.033727 0.069426
0 0.788889 0.478025 0.031111 0.055309
0 0.233869 0.288930 0.038165 0.059959
0 0.333333 0.173827 0.035556 0.063210
0 0.383919 0.670424 0.034505 0.065573
0 0.226667 0.695309 0.033333 0.059259
0 0.795556 0.363457 0.033333 0.059259
0 0.697778 0.715062 0.033333 0.059259
0 0.430017 0.259822 0.038165 0.061372
0 0.308753 0.264691 0.037505 0.059259
0 0.595556 0.158025 0.031111 0.055309
0 0.573333 0.537284 0.035556 0.063210
0 0.405681 0.882362 0.033584 0.065959
0 0.312306 0.736940 0.035723 0.062910
0 0.500000 0.164085 0.037778 0.079280
0 0.501413 0.464358 0.037175 0.066841
0 0.613333 0.312099 0.042222 0.075062
0 0.653333 0.402963 0.042222 0.075062
0 0.320000 0.880988 0.037778 0.067160
0 0.290228 0.166645 0.035502 0.064692
0 0.370551 0.215559 0.038165 0.067848
0 0.347919 0.291296 0.039052 0.061537
0 0.390521 0.287352 0.033727 0.063115
0 0.280021 0.337843 0.036389 0.066270
0 0.326174 0.355200 0.034614 0.066270
0 0.271590 0.413581 0.040827 0.066270
0 0.261383 0.486162 0.039940 0.066270
0 0.266264 0.577679 0.037277 0.066270
0 0.227656 0.618703 0.038165 0.072582
0 0.228544 0.788323 0.036389 0.067848
0 0.311085 0.509041 0.036389 0.071004
0 0.378983 0.441193 0.039052 0.064692
0 0.453537 0.160334 0.039052 0.074160
0 0.540517 0.161123 0.040827 0.072582
0 0.474394 0.240016 0.039940 0.059959
0 0.517440 0.234493 0.039052 0.067848
0 0.597320 0.236860 0.035502 0.063115
0 0.567143 0.340999 0.039052 0.066270
0 0.504127 0.384390 0.039052 0.064692
0 0.400284 0.586357 0.039052 0.064692
0 0.333274 0.667617 0.039940 0.069426
0 0.278246 0.662094 0.036389 0.067848
0 0.265377 0.744143 0.035502 0.064692
0 0.354575 0.741776 0.041715 0.059959
0 0.403834 0.740198 0.039052 0.069426
0 0.334162 0.806469 0.039940 0.056803
0 0.273365 0.888517 0.037277 0.063115
0 0.360788 0.881417 0.036389 0.064692
0 0.449099 0.882206 0.039052 0.069426
0 0.425135 0.809624 0.039052 0.063115
0 0.470400 0.804891 0.040827 0.072582
0 0.518328 0.721264 0.037277 0.066270
0 0.562261 0.740198 0.039940 0.069426
0 0.420698 0.344155 0.040827 0.072582
0 0.462412 0.320487 0.039052 0.069426
0 0.422029 0.424626 0.038165 0.069426
0 0.459750 0.396224 0.037277 0.069426
0 0.458862 0.475906 0.037277 0.061537
0 0.474838 0.546910 0.040827 0.071004
0 0.544954 0.875895 0.037277 0.069426
0 0.749090 0.154811 0.040827 0.066270
0 0.723795 0.224237 0.038165 0.066270
0 0.678086 0.243961 0.037277 0.067848
0 0.614183 0.384390 0.039052 0.067848
0 0.707819 0.359145 0.038165 0.067848
0 0.623946 0.623437 0.039052 0.069426
0 0.646579 0.486162 0.039940 0.069426
0 0.696725 0.438038 0.039052 0.064692
0 0.736665 0.483007 0.037277 0.066270
0 0.749090 0.558744 0.040827 0.066270
0 0.741102 0.714164 0.035502 0.064692
0 0.797018 0.860116 0.040827 0.069426
0 0.710482 0.792268 0.038165 0.066270
0 0.676311 0.642371 0.039052 0.066270
0 0.620840 0.797790 0.038165 0.064692
0 0.643916 0.868005 0.043490 0.066270
0 0.689181 0.870372 0.041715 0.067848
0 0.689625 0.512986 0.039052 0.072582