0 0.448889 0.730864 0.035556 0.063210
0 0.520000 0.896790 0.035556 0.063210
0 0.844444 0.110617 0.035556 0.063210
0 0.593333 0.229136 0.035556 0.063210
0 0.748889 0.829630 0.035556 0.063210
0 0.620106 0.639610 0.039788 0.071891
0 0.644444 0.813827 0.035556 0.063210
0 0.286667 0.312099 0.035556 0.063210
0 0.155556 0.746667 0.033333 0.059259
0 0.662222 0.722963 0.048889 0.086914
0 0.744444 0.304198 0.035556 0.063210
0 0.275556 0.217284 0.035556 0.063210
0 0.446667 0.363457 0.035556 0.063210
0 0.837778 0.521481 0.035556 0.063210
0 0.782222 0.904691 0.035556 0.063210
0 0.520000 0.375309 0.046667 0.082963
0 0.622697 0.315530 0.039348 0.066621
0 0.346667 0.825679 0.035556 0.063210
0 0.642222 0.229136 0.035556 0.063210
0 0.782222 0.529383 0.035556 0.063210
0 0.326182 0.213933 0.038411 0.069952
0 0.748889 0.406914 0.035556 0.063210
0 0.493333 0.813827 0.035556 0.063210
0 0.168889 0.655802 0.035556 0.063210
0 0.624444 0.485926 0.035556 0.063210
0 0.387499 0.579847 0.039443 0.068950
0 0.715556 0.730864 0.048889 0.086914
0 0.393333 0.122469 0.035556 0.063210
0 0.255556 0.643951 0.035556 0.063210
0 0.160000 0.485926 0.035556 0.063210
0 0.448889 0.115667 0.046667 0.073283
0 0.506667 0.114568 0.037778 0.067160
0 0.555556 0.110617 0.035556 0.063210
0 0.393333 0.387160 0.035556 0.063210
0 0.297608 0.740238 0.037474 0.066621
0 0.186667 0.564938 0.035556 0.063210
0 0.273333 0.497778 0.035556 0.063210
0 0.160000 0.217284 0.035556 0.063210
0 0.695652 0.379652 0.035362 0.071617
0 0.688889 0.288395 0.042222 0.075062
0 0.526667 0.509630 0.035556 0.063210
0 0.568889 0.738765 0.035556 0.063210
0 0.350722 0.736151 0.043668 0.068440
0 0.193333 0.134321 0.035556 0.063210
0 0.371111 0.900741 0.035556 0.063210
0 0.404444 0.300247 0.035556 0.063210
0 0.220000 0.402963 0.035556 0.063210
0 0.571111 0.892840 0.035556 0.063210
0 0.797778 0.197531 0.035556 0.063210
0 0.880000 0.774321 0.035556 0.063210
0 0.688889 0.193580 0.037778 0.067160
0 0.268889 0.912593 0.033333 0.059259
0 0.240460 0.835172 0.035601 0.059959
0 0.497893 0.208103 0.049120 0.068286
0 0.355556 0.316049 0.035556 0.063210
0 0.211111 0.707160 0.035556 0.063210
0 0.781144 0.726371 0.037711 0.072198
0 0.655556 0.130370 0.035556 0.063210
0 0.293333 0.580741 0.035556 0.063210
0 0.411111 0.485926 0.035556 0.063210
0 0.317778 0.904691 0.035556 0.063210
0 0.473333 0.651852 0.037778 0.067160
0 0.233333 0.312099 0.035556 0.063210
0 0.795556 0.351605 0.035556 0.063210
0 0.582949 0.400471 0.038548 0.066621
0 0.245144 0.131366 0.037474 0.065202
0 0.722004 0.478751 0.039348 0.063290
0 0.397778 0.817778 0.040000 0.071111
0 0.211111 0.908642 0.035556 0.063210
0 0.544444 0.817778 0.035556 0.063210
0 0.380000 0.221235 0.040000 0.071111
0 0.848889 0.359506 0.035556 0.063210
0 0.222222 0.213333 0.035556 0.063210
0 0.426894 0.203107 0.041222 0.074948
0 0.538449 0.671080 0.031991 0.068210
0 0.562222 0.580741 0.037778 0.067160
0 0.217038 0.493740 0.041222 0.066621
0 0.697778 0.821728 0.040000 0.071111
0 0.146667 0.841481 0.037778 0.067160
0 0.322222 0.655802 0.035556 0.063210
0 0.720000 0.643951 0.042222 0.075062
0 0.477778 0.525432 0.040000 0.071111
0 0.175556 0.312099 0.035556 0.063210
0 0.649301 0.564180 0.038603 0.065645
0 0.360000 0.489877 0.040000 0.071111
0 0.622222 0.896790 0.035556 0.063210
0 0.342222 0.406914 0.037778 0.067160
0 0.295734 0.832674 0.044969 0.064955
0 0.239523 0.562860 0.044969 0.068286
0 0.169727 0.399638 0.040285 0.074948
0 0.274655 0.413795 0.047780 0.073283
0 0.293860 0.133155 0.043095 0.071617
0 0.344919 0.126493 0.038411 0.071617
0 0.440478 0.570354 0.042159 0.066621
0 0.425957 0.659460 0.043095 0.064955
0 0.376304 0.661125 0.037474 0.064955
0 0.401130 0.733576 0.045906 0.073283
0 0.422210 0.902626 0.043095 0.068286
0 0.470926 0.902626 0.043095 0.074948
0 0.444694 0.820183 0.039348 0.073283
0 0.499969 0.728579 0.041222 0.069952
0 0.595996 0.816852 0.038411 0.069952
0 0.617544 0.733576 0.038411 0.079945
0 0.513553 0.598668 0.038411 0.069952
0 0.466242 0.445440 0.044969 0.069952
0 0.574449 0.489577 0.042159 0.074948
0 0.477484 0.286383 0.041222 0.071617
0 0.546812 0.200609 0.041222 0.073283
0 0.604897 0.139817 0.037474 0.074948
0 0.573512 0.313031 0.042159 0.078280
0 0.526201 0.284717 0.041222 0.071617
0 0.670477 0.455433 0.039348 0.063290
0 0.631129 0.400471 0.037474 0.069952
0 0.708888 0.112336 0.039348 0.069952
0 0.849884 0.611992 0.042159 0.076614
0 0.779620 0.616156 0.045906 0.071617
0 0.733714 0.565358 0.045906 0.069952
0 0.668134 0.638641 0.040285 0.076614
0 0.671413 0.898462 0.039348 0.076614
0 0.724346 0.906790 0.040285 0.079945