0 0.228889 0.555000 0.062222 0.035000
0 0.626667 0.656250 0.060000 0.033750
0 0.233333 0.511250 0.060000 0.033750
0 0.757778 0.570000 0.060000 0.033750
0 0.562222 0.677500 0.060000 0.033750
0 0.420000 0.771250 0.062222 0.035000
0 0.233333 0.598750 0.062222 0.035000
0 0.697778 0.682500 0.062222 0.035000
0 0.560000 0.723750 0.062222 0.035000
0 0.493333 0.700000 0.062222 0.035000
0 0.497778 0.610000 0.057778 0.032500
0 0.822222 0.507500 0.060000 0.033750
0 0.155556 0.577500 0.064444 0.036250
0 0.293333 0.626250 0.062222 0.035000
0 0.240000 0.470000 0.062222 0.035000
0 0.702222 0.727500 0.068889 0.038750
0 0.346667 0.745000 0.064444 0.036250
0 0.151111 0.622500 0.064444 0.036250
0 0.286667 0.672500 0.062222 0.035000
0 0.355556 0.697500 0.062222 0.035000
0 0.308889 0.452500 0.060000 0.033750
0 0.562222 0.632500 0.057778 0.032500
0 0.337778 0.800000 0.062222 0.035000
0 0.240000 0.805000 0.064444 0.036250
0 0.373333 0.481250 0.060000 0.033750
0 0.431111 0.630000 0.060000 0.033750
0 0.495556 0.653750 0.060000 0.033750
0 0.777778 0.753750 0.060000 0.033750
0 0.693333 0.591250 0.060000 0.033750
0 0.628889 0.568750 0.057778 0.032500
0 0.426667 0.675000 0.062222 0.035000
0 0.562222 0.775000 0.062222 0.035000
0 0.502222 0.483750 0.057778 0.032500
0 0.626667 0.702500 0.062222 0.035000
0 0.137778 0.780000 0.064444 0.036250
0 0.308889 0.576250 0.060000 0.033750
0 0.564444 0.590000 0.062222 0.035000
0 0.211111 0.693750 0.068889 0.038750
0 0.213333 0.752500 0.064444 0.036250
0 0.835556 0.596250 0.062222 0.035000
0 0.846667 0.642500 0.062222 0.035000
0 0.500000 0.567500 0.060000 0.033750
0 0.422222 0.721250 0.062222 0.035000
0 0.626667 0.527500 0.057778 0.032500
0 0.768889 0.658750 0.057778 0.032500
0 0.168889 0.486250 0.062222 0.035000
0 0.768889 0.705000 0.062222 0.035000
0 0.695556 0.636250 0.062222 0.035000
0 0.300000 0.535000 0.062222 0.035000
0 0.184444 0.396250 0.060000 0.033750
0 0.762222 0.613750 0.060000 0.033750
0 0.220000 0.648750 0.062222 0.035000
0 0.562222 0.547500 0.060000 0.033750
0 0.386667 0.396250 0.057778 0.032500
0 0.326667 0.372500 0.055556 0.031250
0 0.691111 0.506250 0.055556 0.031250
0 0.631111 0.803750 0.068889 0.038750
0 0.713333 0.781250 0.064444 0.036250
0 0.491111 0.746250 0.062222 0.035000
0 0.302222 0.493750 0.060000 0.033750
0 0.753333 0.486250 0.060000 0.033750
0 0.693333 0.548750 0.060000 0.033750
0 0.626667 0.486250 0.057778 0.032500
0 0.142222 0.726250 0.064444 0.036250
0 0.853333 0.722500 0.062222 0.035000
0 0.251111 0.426250 0.060000 0.033750
0 0.317778 0.412500 0.060000 0.033750
0 0.502222 0.443750 0.057778 0.032500
0 0.626667 0.446250 0.055556 0.031250
0 0.873333 0.777500 0.064444 0.036250
0 0.157778 0.531250 0.064444 0.036250
0 0.173333 0.445000 0.064444 0.036250
0 0.484444 0.801250 0.062222 0.035000
0 0.435556 0.502500 0.060000 0.033750
0 0.564444 0.506250 0.057778 0.032500
0 0.377778 0.440000 0.057778 0.032500
0 0.624444 0.750000 0.071111 0.040000
0 0.626667 0.611250 0.060000 0.033750
0 0.373333 0.521250 0.060000 0.033750
0 0.360000 0.651250 0.060000 0.033750
0 0.755556 0.528750 0.060000 0.033750
0 0.433333 0.586250 0.057778 0.032500
0 0.442222 0.420000 0.057778 0.032500
0 0.206667 0.356250 0.060000 0.033750
0 0.280000 0.342500 0.057778 0.032500
0 0.282222 0.717500 0.084444 0.047500
0 0.437778 0.462500 0.060000 0.033750
0 0.788889 0.807500 0.057778 0.032500
0 0.497778 0.525000 0.057778 0.032500
0 0.362222 0.605000 0.057778 0.032500
0 0.257778 0.386250 0.062222 0.035000
0 0.835556 0.550000 0.057778 0.032500
0 0.566667 0.383750 0.057778 0.032500
0 0.433333 0.542500 0.055556 0.031250
0 0.688889 0.466250 0.060000 0.033750
0 0.277778 0.292500 0.060000 0.033750
0 0.340000 0.323750 0.057778 0.032500
0 0.751111 0.445000 0.060000 0.033750
0 0.280000 0.260000 0.055556 0.031250
0 0.220000 0.236250 0.060000 0.033750
0 0.448889 0.377500 0.057778 0.032500
0 0.573333 0.338750 0.062222 0.035000
0 0.748889 0.271250 0.060000 0.033750
0 0.753333 0.403750 0.062222 0.035000
0 0.628889 0.363750 0.060000 0.033750
0 0.688889 0.247500 0.057778 0.032500
0 0.284444 0.220000 0.055556 0.031250
0 0.686667 0.342500 0.055556 0.031250
0 0.213333 0.315000 0.062222 0.035000
0 0.524444 0.265000 0.060000 0.033750
0 0.626667 0.403750 0.057778 0.032500
0 0.688889 0.423750 0.057778 0.032500
0 0.564444 0.425000 0.055556 0.031250
0 0.686667 0.386250 0.055556 0.031250
0 0.464444 0.237500 0.075556 0.042500
0 0.344444 0.281250 0.064444 0.036250
0 0.742222 0.317500 0.064444 0.036250
0 0.404444 0.306250 0.060000 0.033750
0 0.390036 0.353750 0.060073 0.032500
0 0.808889 0.248750 0.060000 0.033750
0 0.815556 0.378750 0.057778 0.032500
0 0.688889 0.292500 0.057778 0.032500
0 0.631111 0.318750 0.055556 0.031250
0 0.462222 0.283750 0.055556 0.031250
0 0.744444 0.228750 0.068889 0.038750
0 0.808889 0.292500 0.055556 0.031250
0 0.511111 0.360000 0.057778 0.032500
0 0.344444 0.243750 0.055556 0.031250
0 0.815556 0.426250 0.057778 0.032500
0 0.746667 0.363750 0.055556 0.031250
0 0.631111 0.273750 0.057778 0.032500
0 0.822222 0.462500 0.055556 0.031250
0 0.211111 0.275000 0.060000 0.033750
0 0.642222 0.218750 0.060000 0.033750
0 0.804444 0.196250 0.057778 0.032500
0 0.221380 0.192810 0.051590 0.025882
0 0.347567 0.192810 0.055773 0.025882
0 0.406826 0.217908 0.057168 0.027451
0 0.461206 0.196340 0.062745 0.026667
0 0.523951 0.217516 0.054379 0.025098
0 0.578330 0.194771 0.059956 0.032941
0 0.703123 0.193595 0.055773 0.030588
0 0.579027 0.240261 0.055773 0.032941
0 0.406826 0.260654 0.057168 0.028235
0 0.569964 0.288889 0.057168 0.026667
0 0.815367 0.335948 0.057168 0.029804
0 0.570661 0.465752 0.055773 0.033725
0 0.503733 0.401046 0.061351 0.037647
0 0.450748 0.330458 0.055773 0.037647
0 0.512099 0.313203 0.061351 0.031373