0 0.394112 0.105748 0.062566 0.030166
0 0.497793 0.090917 0.062566 0.035696
0 0.397687 0.141947 0.048265 0.029160
0 0.403944 0.177392 0.057204 0.030669
0 0.411094 0.212335 0.069717 0.031171
0 0.418245 0.245517 0.055416 0.029160
0 0.418692 0.281716 0.052734 0.033183
0 0.418245 0.316658 0.057204 0.029663
0 0.420926 0.353612 0.058991 0.032177
0 0.433439 0.387548 0.051841 0.028658
0 0.434333 0.424250 0.057204 0.032680
0 0.435674 0.458187 0.054522 0.024133
0 0.437015 0.493883 0.055416 0.029160
0 0.444165 0.526563 0.048265 0.028155
0 0.444165 0.563013 0.051841 0.027652
0 0.448634 0.598207 0.053628 0.030669
0 0.450422 0.634406 0.053628 0.029663
0 0.445953 0.779202 0.050053 0.034691
0 0.458466 0.743003 0.058991 0.030669
0 0.450869 0.705547 0.056310 0.026144
0 0.456678 0.671611 0.060779 0.030669
0 0.587174 0.762108 0.051841 0.030669
0 0.578683 0.724652 0.056310 0.030166
0 0.574661 0.689207 0.044690 0.030669
0 0.576895 0.651751 0.045584 0.025138
0 0.568404 0.614798 0.050053 0.026647
0 0.568851 0.576588 0.049159 0.027652
0 0.565276 0.539132 0.056310 0.035194
0 0.563935 0.503687 0.062566 0.030669
0 0.556785 0.471761 0.050053 0.027149
0 0.557231 0.437322 0.052734 0.030669
0 0.551869 0.401877 0.049159 0.026144
0 0.550528 0.370203 0.058991 0.028155
0 0.545612 0.333250 0.047372 0.029663
0 0.540249 0.297805 0.052734 0.029160
0 0.543377 0.262108 0.051841 0.030166
0 0.541143 0.227920 0.054522 0.031171
0 0.537568 0.193984 0.056310 0.031674
0 0.529077 0.158287 0.057204 0.030669
0 0.518351 0.126864 0.053628 0.027149
0 0.570639 0.089157 0.052734 0.027149
0 0.582258 0.122591 0.049159 0.024635
0 0.594771 0.157030 0.052734 0.025138
0 0.601922 0.192224 0.045584 0.027149
0 0.605050 0.225658 0.051841 0.023630
0 0.603262 0.259092 0.046478 0.024133
0 0.597900 0.294788 0.042903 0.025138
0 0.605944 0.329982 0.042903 0.023127
0 0.609966 0.365678 0.043796 0.026144
0 0.614882 0.400369 0.050053 0.024133
0 0.618457 0.435059 0.048265 0.028155
0 0.616669 0.470002 0.051841 0.025641
0 0.626054 0.504692 0.050947 0.027652
0 0.630523 0.543657 0.049159 0.030166
0 0.633205 0.581364 0.049159 0.032177
0 0.636780 0.613038 0.056310 0.028155
0 0.637227 0.649992 0.048265 0.031674
0 0.635439 0.687699 0.048265 0.030669
0 0.642590 0.723144 0.055416 0.029160
0 0.652422 0.760851 0.050053 0.030166
0 0.703369 0.095190 0.053628 0.030166
0 0.706944 0.131641 0.058991 0.026647
0 0.712753 0.167086 0.058097 0.025138
0 0.721245 0.203536 0.044690 0.027652
0 0.723479 0.241746 0.052734 0.028658
0 0.727501 0.275432 0.057204 0.028658
0 0.718116 0.310374 0.054522 0.030166
0 0.726607 0.344310 0.050053 0.024635
0 0.731076 0.378750 0.058991 0.030166
0 0.732417 0.417211 0.061673 0.028658
0 0.733311 0.453159 0.052734 0.032177
0 0.739568 0.486844 0.058097 0.025138
0 0.746718 0.521032 0.052734 0.025138
0 0.748953 0.557986 0.050053 0.027652
0 0.752528 0.593431 0.058991 0.029160
0 0.751634 0.629630 0.069717 0.027149
0 0.756550 0.665075 0.065248 0.026647
0 0.762807 0.701525 0.054522 0.030166
0 0.765935 0.737221 0.060779 0.025138
0 0.769957 0.772415 0.065248 0.028155
0 0.776065 0.097034 0.044690 0.028155
0 0.777852 0.131724 0.051841 0.030166
0 0.780981 0.169432 0.049159 0.027149
0 0.780534 0.202866 0.046478 0.030669
0 0.784556 0.239568 0.050947 0.035696
0 0.787237 0.272247 0.049159 0.029663
0 0.781427 0.306687 0.048265 0.028155
0 0.789919 0.343891 0.052734 0.030166
0 0.799750 0.380090 0.052734 0.030166
0 0.797963 0.414781 0.056310 0.033183
0 0.798410 0.448467 0.053628 0.028155
0 0.804666 0.480895 0.051841 0.027652
0 0.810029 0.517345 0.050053 0.029160
0 0.848910 0.772499 0.045584 0.028658
0 0.832821 0.734289 0.045584 0.027652
0 0.833268 0.696833 0.046478 0.030166
0 0.829246 0.660633 0.049159 0.028155
0 0.822096 0.624183 0.045584 0.027652
0 0.816733 0.587230 0.052734 0.030166
0 0.812711 0.552539 0.055416 0.027149
0 0.888684 0.077174 0.058991 0.030669
0 0.899410 0.116139 0.051841 0.029160
0 0.897622 0.151081 0.048265 0.024635
0 0.899857 0.186777 0.056310 0.023630
0 0.902985 0.220211 0.048265 0.028155
0 0.904773 0.254651 0.062566 0.026647
0 0.909688 0.292107 0.047372 0.027149
0 0.913264 0.323529 0.059885 0.029663
0 0.914158 0.360985 0.058097 0.030166
0 0.920861 0.397185 0.055416 0.028155
0 0.922649 0.429613 0.055416 0.026647
0 0.926671 0.464304 0.050947 0.028658
0 0.929352 0.499749 0.050947 0.030166
0 0.935162 0.535948 0.062566 0.028155
0 0.932034 0.569884 0.056310 0.027652
0 0.943206 0.605832 0.053628 0.027149
0 0.944547 0.642785 0.052734 0.028658
0 0.946781 0.679236 0.053628 0.029160
0 0.956166 0.716189 0.054522 0.029663
0 0.961082 0.753896 0.050053 0.030669