0 0.764444 0.617500 0.062222 0.035000
0 0.291111 0.678750 0.062222 0.035000
0 0.295556 0.631250 0.062222 0.035000
0 0.566667 0.682500 0.060000 0.033750
0 0.500000 0.613750 0.060000 0.033750
0 0.235556 0.603750 0.062222 0.035000
0 0.300000 0.540000 0.060000 0.033750
0 0.691111 0.510000 0.060000 0.033750
0 0.366667 0.611250 0.060000 0.033750
0 0.695556 0.595000 0.060000 0.033750
0 0.224444 0.653750 0.062222 0.035000
0 0.231111 0.560000 0.060000 0.033750
0 0.566667 0.636250 0.060000 0.033750
0 0.635556 0.752500 0.066667 0.037500
0 0.342222 0.805000 0.064444 0.036250
0 0.631111 0.615000 0.060000 0.033750
0 0.700000 0.638750 0.060000 0.033750
0 0.773333 0.707500 0.066667 0.037500
0 0.566667 0.727500 0.064444 0.036250
0 0.702222 0.685000 0.064444 0.036250
0 0.302222 0.497500 0.060000 0.033750
0 0.500000 0.658750 0.060000 0.033750
0 0.428889 0.726250 0.062222 0.035000
0 0.631111 0.706250 0.062222 0.035000
0 0.435556 0.591250 0.057778 0.032500
0 0.307832 0.581574 0.067035 0.035445
0 0.355556 0.750000 0.064444 0.036250
0 0.431111 0.680000 0.062222 0.035000
0 0.306667 0.456250 0.060000 0.033750
0 0.497778 0.703750 0.060000 0.033750
0 0.437778 0.466250 0.060000 0.033750
0 0.284444 0.725000 0.062222 0.035000
0 0.502222 0.530000 0.060000 0.033750
0 0.568889 0.777500 0.068889 0.038750
0 0.135556 0.790000 0.064444 0.036250
0 0.433333 0.635000 0.060000 0.033750
0 0.155556 0.627500 0.064444 0.036250
0 0.771111 0.661250 0.062222 0.035000
0 0.371111 0.526250 0.060000 0.033750
0 0.162222 0.490000 0.057778 0.032500
0 0.782222 0.755000 0.071111 0.040000
0 0.631111 0.661250 0.062222 0.035000
0 0.851111 0.646250 0.062222 0.035000
0 0.760000 0.573750 0.060000 0.033750
0 0.435556 0.550000 0.057778 0.032500
0 0.491111 0.806250 0.060000 0.033750
0 0.362222 0.656250 0.060000 0.033750
0 0.755556 0.488750 0.060000 0.033750
0 0.502222 0.571250 0.057778 0.032500
0 0.753333 0.407500 0.055556 0.031250
0 0.426667 0.775000 0.060000 0.033750
0 0.833333 0.552500 0.060000 0.033750
0 0.215556 0.701250 0.060000 0.033750
0 0.317778 0.417500 0.057778 0.032500
0 0.564444 0.510000 0.055556 0.031250
0 0.217778 0.756250 0.068889 0.038750
0 0.720000 0.786250 0.064444 0.036250
0 0.171111 0.450000 0.062222 0.035000
0 0.691111 0.470000 0.060000 0.033750
0 0.704444 0.732500 0.064444 0.036250
0 0.631111 0.572500 0.060000 0.033750
0 0.155556 0.536250 0.057778 0.032500
0 0.860000 0.726250 0.064444 0.036250
0 0.155556 0.583750 0.062222 0.035000
0 0.564444 0.593750 0.060000 0.033750
0 0.693333 0.552500 0.057778 0.032500
0 0.144444 0.730000 0.071111 0.040000
0 0.437778 0.507500 0.057778 0.032500
0 0.251111 0.806250 0.062222 0.035000
0 0.826667 0.510000 0.062222 0.035000
0 0.688889 0.387500 0.055556 0.031250
0 0.360000 0.701250 0.062222 0.035000
0 0.180000 0.398750 0.060000 0.033750
0 0.566667 0.427500 0.060000 0.033750
0 0.504444 0.487500 0.057778 0.032500
0 0.628889 0.491250 0.057778 0.032500
0 0.642222 0.808750 0.064444 0.036250
0 0.384444 0.398750 0.060000 0.033750
0 0.504444 0.447500 0.060000 0.033750
0 0.631111 0.531250 0.060000 0.033750
0 0.628889 0.447500 0.057778 0.032500
0 0.442222 0.423750 0.057778 0.032500
0 0.875556 0.777500 0.068889 0.038750
0 0.793333 0.810000 0.062222 0.035000
0 0.564444 0.467500 0.060000 0.033750
0 0.240000 0.473750 0.060000 0.033750
0 0.257778 0.390000 0.062222 0.035000
0 0.248889 0.428750 0.057778 0.032500
0 0.753333 0.446250 0.064444 0.036250
0 0.235556 0.516250 0.060000 0.033750
0 0.373333 0.485000 0.060000 0.033750
0 0.377778 0.443750 0.060000 0.033750
0 0.746667 0.271250 0.064444 0.036250
0 0.495556 0.750000 0.060000 0.033750
0 0.277778 0.345000 0.060000 0.033750
0 0.757778 0.531250 0.062222 0.035000
0 0.820000 0.467500 0.062222 0.035000
0 0.748889 0.317500 0.060000 0.033750
0 0.566667 0.551250 0.057778 0.032500
0 0.626667 0.366250 0.057778 0.032500
0 0.691111 0.426250 0.062222 0.035000
0 0.335556 0.323750 0.060000 0.033750
0 0.280000 0.265000 0.055556 0.031250
0 0.686667 0.343750 0.060000 0.033750
0 0.324444 0.376250 0.057778 0.032500
0 0.388889 0.357500 0.057778 0.032500
0 0.217778 0.241250 0.055556 0.031250
0 0.204444 0.360000 0.060000 0.033750
0 0.691111 0.293750 0.057778 0.032500
0 0.840000 0.598750 0.060000 0.033750
0 0.446667 0.380000 0.057778 0.032500
0 0.448889 0.336250 0.057778 0.032500
0 0.464444 0.288750 0.055556 0.031250
0 0.628889 0.275000 0.055556 0.031250
0 0.273333 0.301250 0.062222 0.035000
0 0.208889 0.318750 0.057778 0.032500
0 0.817778 0.427500 0.057778 0.032500
0 0.520000 0.220000 0.055556 0.031250
0 0.400000 0.305000 0.060000 0.033750
0 0.397778 0.223750 0.066667 0.037500
0 0.628889 0.318750 0.057778 0.032500
0 0.275556 0.218750 0.062222 0.035000
0 0.460000 0.243750 0.062222 0.035000
0 0.402222 0.268750 0.055556 0.031250
0 0.626667 0.406250 0.060000 0.033750
0 0.748889 0.363750 0.060000 0.033750
0 0.337778 0.241250 0.057778 0.032500
0 0.524444 0.266250 0.060000 0.033750
0 0.580000 0.241250 0.057778 0.032500
0 0.571111 0.341250 0.055556 0.031250
0 0.337778 0.282500 0.057778 0.032500
0 0.504444 0.405000 0.055556 0.031250
0 0.206667 0.277500 0.060000 0.033750
0 0.746667 0.223750 0.055556 0.031250
0 0.566667 0.386250 0.055556 0.031250
0 0.808889 0.247500 0.057778 0.032500
0 0.691111 0.250000 0.062222 0.035000
0 0.811111 0.292500 0.055556 0.031250
0 0.815556 0.338750 0.057778 0.032500
0 0.642222 0.222500 0.057778 0.032500
0 0.213982 0.193188 0.050947 0.024887
0 0.342020 0.193942 0.054969 0.024887
0 0.461343 0.198467 0.046925 0.027903
0 0.579996 0.194319 0.053628 0.028658
0 0.702000 0.193942 0.053628 0.027903
0 0.807916 0.192810 0.053628 0.025641
0 0.571281 0.293866 0.065695 0.028658
0 0.512290 0.359100 0.052288 0.030920
0 0.514301 0.314228 0.061673 0.033183
0 0.819982 0.379839 0.061673 0.033183