0 0.400000 0.583750 0.066667 0.037500
0 0.735556 0.300000 0.068889 0.038750
0 0.331111 0.397500 0.066667 0.037500
0 0.277778 0.478750 0.066667 0.037500
0 0.786667 0.507500 0.066667 0.037500
0 0.462222 0.452500 0.066667 0.037500
0 0.146667 0.417500 0.066667 0.037500
0 0.524444 0.665000 0.064444 0.036250
0 0.266667 0.637500 0.066667 0.037500
0 0.384444 0.665000 0.064444 0.036250
0 0.740000 0.385000 0.066667 0.037500
0 0.633333 0.428750 0.075556 0.042500
0 0.688889 0.470000 0.064444 0.036250
0 0.317778 0.277500 0.066667 0.037500
0 0.560000 0.596250 0.084444 0.047500
0 0.615556 0.341250 0.066667 0.037500
0 0.693333 0.556250 0.064444 0.036250
0 0.282222 0.545000 0.066667 0.037500
0 0.564444 0.501250 0.064444 0.036250
0 0.528889 0.392500 0.077778 0.043750
0 0.748889 0.712500 0.064444 0.036250
0 0.415556 0.515000 0.071111 0.040000
0 0.246667 0.288750 0.066667 0.037500
0 0.722222 0.628750 0.075556 0.042500
0 0.404444 0.345000 0.071111 0.040000