0 0.464444 0.826250 0.046667 0.026250
0 0.237778 0.587500 0.048889 0.027500
0 0.082222 0.171250 0.046667 0.026250
0 0.095556 0.690000 0.048889 0.027500
0 0.784444 0.695000 0.046667 0.026250
0 0.442222 0.856250 0.046667 0.026250
0 0.111111 0.741250 0.048889 0.027500
0 0.100000 0.573750 0.046667 0.026250
0 0.224354 0.643283 0.046488 0.027183
0 0.264260 0.660965 0.049258 0.025571
0 0.153333 0.532500 0.048889 0.027500
0 0.235556 0.813750 0.048889 0.027500
0 0.726667 0.538750 0.046667 0.026250
0 0.144444 0.812500 0.046667 0.026250
0 0.188889 0.665000 0.048889 0.027500
0 0.195556 0.771250 0.048889 0.027500
0 0.328889 0.828750 0.046667 0.026250
0 0.768889 0.597500 0.046667 0.026250
0 0.097778 0.798750 0.046667 0.026250
0 0.658695 0.728900 0.046278 0.025300
0 0.320000 0.617500 0.046667 0.026250
0 0.419607 0.805575 0.045231 0.023849
0 0.391111 0.856250 0.046667 0.026250
0 0.826667 0.758750 0.044444 0.025000
0 0.231111 0.745000 0.048889 0.027500
0 0.386667 0.730000 0.046667 0.026250
0 0.717778 0.645000 0.046667 0.026250
0 0.188889 0.827500 0.046667 0.026250
0 0.202222 0.518750 0.048889 0.027500
0 0.240000 0.783750 0.048889 0.027500
0 0.344444 0.453750 0.048889 0.027500
0 0.382222 0.758750 0.048889 0.027500
0 0.526667 0.666250 0.046667 0.026250
0 0.686667 0.781250 0.044444 0.025000
0 0.351111 0.687500 0.048889 0.027500
0 0.722222 0.310000 0.048889 0.027500
0 0.573333 0.826250 0.046667 0.026250
0 0.442222 0.662500 0.046667 0.026250
0 0.860000 0.155000 0.046667 0.026250
0 0.240000 0.846250 0.046667 0.026250
0 0.093333 0.631250 0.048889 0.027500
0 0.106667 0.383750 0.046667 0.026250
0 0.868889 0.706250 0.046667 0.026250
0 0.742222 0.745000 0.044444 0.025000
0 0.337778 0.857500 0.046667 0.026250
0 0.773333 0.642500 0.046667 0.026250
0 0.806667 0.785000 0.044444 0.025000
0 0.622222 0.616250 0.048889 0.027500
0 0.291111 0.438750 0.046667 0.026250
0 0.480539 0.418750 0.045589 0.026250
0 0.466667 0.762500 0.046667 0.026250
0 0.677778 0.621250 0.046667 0.026250
0 0.806667 0.153750 0.046667 0.026250
0 0.813333 0.186250 0.046667 0.026250
0 0.142222 0.841250 0.048889 0.027500
0 0.566667 0.685000 0.046667 0.026250
0 0.082222 0.238750 0.046667 0.026250
0 0.673333 0.566250 0.046667 0.026250
0 0.213333 0.228750 0.048889 0.027500
0 0.313333 0.645000 0.048889 0.027500
0 0.126667 0.156250 0.046667 0.026250
0 0.820000 0.850000 0.046667 0.026250
0 0.582222 0.571250 0.048889 0.027500
0 0.111111 0.517500 0.048889 0.027500
0 0.086667 0.321250 0.046667 0.026250
0 0.264444 0.235000 0.046667 0.026250
0 0.660000 0.676250 0.046667 0.026250
0 0.871111 0.850000 0.044444 0.025000
0 0.204444 0.463750 0.048889 0.027500
0 0.597778 0.757500 0.048889 0.027500
0 0.873333 0.822500 0.046667 0.026250
0 0.693333 0.262500 0.046667 0.026250
0 0.691111 0.828750 0.048889 0.027500
0 0.519917 0.723742 0.050944 0.023767
0 0.528889 0.296250 0.046667 0.026250
0 0.191111 0.322500 0.048889 0.027500
0 0.268889 0.276250 0.053333 0.030000
0 0.192620 0.574463 0.041428 0.026425
0 0.171111 0.698750 0.048889 0.027500
0 0.155556 0.505000 0.048889 0.027500
0 0.164444 0.728750 0.046667 0.026250
0 0.108889 0.770000 0.046667 0.026250
0 0.613333 0.807500 0.046667 0.026250
0 0.177778 0.631250 0.046667 0.026250
0 0.511111 0.173750 0.046667 0.026250
0 0.226667 0.256250 0.048889 0.027500
0 0.622222 0.697500 0.048889 0.027500
0 0.535556 0.611250 0.044444 0.025000
0 0.266667 0.688750 0.051111 0.028750
0 0.744444 0.825000 0.051111 0.028750
0 0.248889 0.365000 0.048889 0.027500
0 0.093333 0.660000 0.053333 0.030000
0 0.424444 0.238750 0.053333 0.030000
0 0.104444 0.545000 0.048889 0.027500
0 0.602222 0.852500 0.048889 0.027500
0 0.768889 0.851250 0.046667 0.026250
0 0.333333 0.800000 0.044444 0.025000
0 0.719000 0.596759 0.046445 0.028518
0 0.557778 0.741250 0.048889 0.027500
0 0.095116 0.491436 0.048009 0.027129
0 0.126667 0.196250 0.051111 0.028750
0 0.204444 0.351250 0.048889 0.027500
0 0.306667 0.255000 0.048889 0.027500
0 0.429031 0.482859 0.044161 0.026782
0 0.286667 0.772500 0.053333 0.030000
0 0.117778 0.435000 0.053333 0.030000
0 0.208889 0.406250 0.051111 0.028750
0 0.095556 0.602500 0.048889 0.027500
0 0.755556 0.670000 0.048889 0.027500
0 0.608889 0.728750 0.048889 0.027500
0 0.508889 0.780000 0.053333 0.030000
0 0.144444 0.336250 0.051111 0.028750
0 0.548889 0.855000 0.048889 0.027500
0 0.702222 0.432500 0.048889 0.027500
0 0.604444 0.356250 0.048889 0.027500
0 0.717778 0.852500 0.046667 0.026250
0 0.140000 0.676250 0.051111 0.028750
0 0.433333 0.717500 0.051111 0.028750
0 0.491111 0.850000 0.048889 0.027500
0 0.102222 0.857500 0.048889 0.027500
0 0.195556 0.548750 0.048889 0.027500
0 0.684444 0.485000 0.048889 0.027500
0 0.738902 0.777507 0.044419 0.023735
0 0.864444 0.675000 0.046667 0.026250
0 0.547251 0.193557 0.050057 0.026331
0 0.551111 0.798750 0.055556 0.031250
0 0.835556 0.222500 0.046667 0.026250
0 0.160262 0.419619 0.047191 0.027988
0 0.648030 0.427595 0.043939 0.026059
0 0.622222 0.588750 0.044444 0.025000
0 0.122222 0.713750 0.048889 0.027500
0 0.328889 0.228750 0.051111 0.028750
0 0.726667 0.567500 0.048889 0.027500
0 0.871111 0.793750 0.048889 0.027500
0 0.282222 0.801250 0.046667 0.026250
0 0.797171 0.738589 0.043435 0.026572
0 0.082222 0.210000 0.044444 0.025000
0 0.296147 0.355531 0.052295 0.027313
0 0.857778 0.733750 0.048889 0.027500
0 0.169416 0.183193 0.050794 0.025770
0 0.216724 0.196919 0.041830 0.029692
0 0.378566 0.236415 0.048802 0.031373
0 0.169914 0.212325 0.049798 0.025770
0 0.127586 0.226331 0.052786 0.024650
0 0.170412 0.240056 0.044818 0.027451
0 0.086752 0.267507 0.054777 0.028571
0 0.090238 0.293838 0.051790 0.025210
0 0.128084 0.252661 0.049798 0.025770
0 0.092727 0.410644 0.048802 0.026891
0 0.155473 0.392157 0.046810 0.026891
0 0.153979 0.363866 0.051790 0.028571
0 0.199792 0.378431 0.051790 0.026331
0 0.136051 0.309244 0.047806 0.022409
0 0.177882 0.295798 0.047806 0.026891
0 0.224193 0.284874 0.046810 0.026331
0 0.181865 0.268067 0.047806 0.028571
0 0.134060 0.282073 0.047806 0.025210
0 0.251582 0.308683 0.047806 0.025770
0 0.297396 0.300560 0.051790 0.025210
0 0.341716 0.287955 0.048802 0.026891
0 0.355659 0.260504 0.056769 0.024650
0 0.247100 0.335854 0.050794 0.025210
0 0.293910 0.327171 0.054777 0.025770
0 0.340720 0.315406 0.050794 0.024650
0 0.381056 0.303922 0.047806 0.025210
0 0.395995 0.277311 0.041830 0.028011
0 0.440813 0.264146 0.047806 0.026331
0 0.112149 0.462185 0.047806 0.026891
0 0.156966 0.448179 0.049798 0.024650
0 0.159456 0.477031 0.050794 0.024090
0 0.206764 0.491597 0.049798 0.025210
0 0.205768 0.436695 0.047806 0.026331
0 0.248096 0.422409 0.042826 0.024650
0 0.294408 0.411204 0.045814 0.029132
0 0.339724 0.400560 0.046810 0.025770
0 0.338728 0.343417 0.054777 0.029132
0 0.384044 0.332213 0.047806 0.028011
0 0.430356 0.321289 0.046810 0.026331
0 0.483141 0.308964 0.046810 0.025210
0 0.486627 0.280392 0.047806 0.028571
0 0.440813 0.293557 0.047806 0.026891
0 0.341218 0.372549 0.043822 0.026891
0 0.386534 0.359664 0.050794 0.026891
0 0.432348 0.348739 0.044818 0.026331
0 0.475672 0.336975 0.045814 0.028571
0 0.526963 0.325490 0.046810 0.025770
0 0.386534 0.387115 0.048802 0.024650
0 0.427866 0.375630 0.049798 0.026331
0 0.469198 0.362465 0.050794 0.025770
0 0.518996 0.353501 0.044818 0.026891
0 0.565806 0.340616 0.046810 0.026891
0 0.249590 0.450140 0.051790 0.029692
0 0.334744 0.427171 0.046810 0.025210
0 0.383048 0.414286 0.051790 0.027451
0 0.422886 0.403641 0.047806 0.025210
0 0.468700 0.392157 0.047806 0.026891
0 0.513020 0.379552 0.046810 0.025210
0 0.555348 0.369188 0.053782 0.025770
0 0.256064 0.478711 0.054777 0.026331
0 0.300384 0.466106 0.049798 0.026891
0 0.395995 0.440896 0.049798 0.025770
0 0.439319 0.429972 0.042826 0.024090
0 0.523976 0.406723 0.048802 0.026891
0 0.569291 0.396078 0.049798 0.025770
0 0.611619 0.384034 0.056769 0.030812
0 0.652952 0.398880 0.045814 0.024650
0 0.253076 0.505882 0.046810 0.028011
0 0.295404 0.494118 0.055773 0.026891
0 0.340720 0.481232 0.050794 0.028011
0 0.384044 0.466947 0.047806 0.026331
0 0.429360 0.456303 0.056769 0.026331
0 0.478162 0.445658 0.052786 0.025210
0 0.520490 0.433613 0.051790 0.025770
0 0.563316 0.422409 0.049798 0.026891
0 0.606142 0.410924 0.055773 0.027451
0 0.245606 0.534174 0.051790 0.026331
0 0.293412 0.520728 0.051790 0.026331
0 0.339226 0.509244 0.053782 0.025770
0 0.385538 0.494678 0.048802 0.025770
0 0.476170 0.473109 0.048802 0.027451
0 0.517004 0.460504 0.048802 0.024650
0 0.558336 0.449020 0.051790 0.028571
0 0.605644 0.438095 0.044818 0.026891
0 0.147007 0.559944 0.043822 0.027451
0 0.141529 0.587675 0.050794 0.026891
0 0.139039 0.615406 0.053782 0.025210
0 0.134558 0.645938 0.046810 0.025770
0 0.187343 0.603922 0.046810 0.026891
0 0.239133 0.560504 0.052786 0.024090
0 0.285445 0.547339 0.047806 0.025770
0 0.336238 0.535014 0.047806 0.028011
0 0.382550 0.522689 0.046810 0.025770
0 0.426372 0.510364 0.048802 0.028011
0 0.469696 0.498880 0.045814 0.026331
0 0.511526 0.487395 0.045814 0.026891
0 0.555846 0.475630 0.052786 0.028011
0 0.597676 0.464706 0.046810 0.025210
0 0.644486 0.453221 0.048802 0.025770
0 0.284947 0.575070 0.054777 0.025210
0 0.331258 0.561625 0.047806 0.027451
0 0.378068 0.549020 0.049798 0.024650
0 0.417906 0.537255 0.047806 0.025770
0 0.465214 0.526050 0.046810 0.025770
0 0.507542 0.514286 0.049798 0.024650
0 0.551862 0.501681 0.048802 0.026331
0 0.596182 0.490196 0.049798 0.028011
0 0.636518 0.480112 0.046810 0.025770
0 0.233157 0.616527 0.052786 0.025210
0 0.278971 0.603081 0.048802 0.027451
0 0.323789 0.589636 0.042826 0.025210
0 0.373586 0.575630 0.046810 0.026331
0 0.417906 0.564426 0.049798 0.026331
0 0.461728 0.552941 0.049798 0.028011
0 0.506546 0.540896 0.047806 0.028571
0 0.547380 0.529412 0.045814 0.028011
0 0.592198 0.518768 0.049798 0.026891
0 0.636020 0.507843 0.043822 0.027451
0 0.270505 0.631092 0.049798 0.026331
0 0.368109 0.603641 0.049798 0.027451
0 0.414919 0.591317 0.045814 0.025210
0 0.459239 0.579832 0.048802 0.026891
0 0.500571 0.568067 0.051790 0.026891
0 0.539911 0.556583 0.046810 0.025210
0 0.586223 0.543137 0.045814 0.027451
0 0.631539 0.533053 0.048802 0.028571
0 0.218716 0.687395 0.043822 0.028011
0 0.266521 0.716246 0.045814 0.026331
0 0.212242 0.714846 0.046810 0.025770
0 0.309347 0.673669 0.043822 0.026331
0 0.353169 0.660224 0.047806 0.027451
0 0.364623 0.631653 0.046810 0.027451
0 0.407947 0.619328 0.053782 0.026331
0 0.452765 0.607843 0.041830 0.028011
0 0.495093 0.594398 0.048802 0.024650
0 0.540409 0.584034 0.049798 0.025210
0 0.578255 0.599440 0.047806 0.025770
0 0.492603 0.622689 0.045814 0.025210
0 0.447785 0.634734 0.041830 0.025770
0 0.404461 0.645938 0.050794 0.025770
0 0.400477 0.673950 0.042826 0.025770
0 0.393506 0.702801 0.044818 0.024090
0 0.436332 0.690196 0.044818 0.022409
0 0.483639 0.678711 0.045814 0.025210
0 0.489615 0.650140 0.041830 0.025210
0 0.288930 0.856956 0.044818 0.028011
0 0.192821 0.857796 0.053782 0.027451
0 0.099201 0.829785 0.053782 0.027451
0 0.279967 0.826984 0.046810 0.027451
0 0.415915 0.831186 0.049798 0.023529
0 0.374582 0.815219 0.044818 0.025210
0 0.378566 0.788049 0.042826 0.024650
0 0.708227 0.405696 0.050794 0.026331
0 0.689802 0.458357 0.047806 0.024090
0 0.681336 0.512418 0.044818 0.024650
0 0.679842 0.538749 0.047806 0.025770
0 0.626559 0.560878 0.046810 0.026331
0 0.672373 0.593651 0.048802 0.025770
0 0.745077 0.621102 0.046810 0.024650
0 0.577757 0.628105 0.048802 0.025210
0 0.530947 0.640149 0.042826 0.026891
0 0.874053 0.768721 0.043822 0.025210
0 0.830729 0.809897 0.040834 0.024650
0 0.793381 0.826704 0.047806 0.025770
0 0.671875 0.854995 0.045814 0.029692
0 0.638510 0.833707 0.052786 0.026331
0 0.530449 0.830345 0.051790 0.025210
0 0.503060 0.807937 0.050794 0.025210
0 0.665899 0.806256 0.047806 0.025210
0 0.716195 0.803735 0.046810 0.025770
0 0.768980 0.802614 0.046810 0.026891
0 0.780434 0.764799 0.043822 0.026331
0 0.151987 0.784687 0.051790 0.024650
0 0.192821 0.798413 0.049798 0.027451
0 0.150493 0.756676 0.052786 0.025770
0 0.337234 0.772082 0.049798 0.026331
0 0.417906 0.774043 0.045814 0.026891
0 0.460732 0.790009 0.047806 0.028571
0 0.427368 0.747712 0.038842 0.023529
0 0.472186 0.734547 0.048802 0.026331
0 0.512024 0.751074 0.046810 0.026891
0 0.550866 0.767880 0.048802 0.026891
0 0.591202 0.784967 0.045814 0.026331
0 0.638012 0.781886 0.045814 0.028011
0 0.648470 0.755556 0.048802 0.024650
0 0.695280 0.753035 0.048802 0.026331
0 0.478162 0.707376 0.046810 0.026891
0 0.521486 0.695051 0.043822 0.026891
0 0.572777 0.656116 0.044818 0.026331
0 0.620583 0.644911 0.044818 0.026331
0 0.612117 0.671522 0.051790 0.024650
0 0.667393 0.647993 0.056769 0.026891
0 0.680340 0.704015 0.048802 0.024650
0 0.728146 0.698973 0.044818 0.023529
0 0.706733 0.725864 0.053782 0.025770
0 0.822762 0.712698 0.050794 0.026331
0 0.760017 0.719141 0.048802 0.025770
0 0.708725 0.672923 0.049798 0.026331