0 0.235556 0.218750 0.066667 0.037500
0 0.553333 0.622500 0.064444 0.036250
0 0.800000 0.202500 0.066667 0.037500
0 0.455556 0.470000 0.064444 0.036250
0 0.595556 0.200000 0.068889 0.038750
0 0.482222 0.203750 0.066667 0.037500
0 0.466667 0.422500 0.064444 0.036250
0 0.497778 0.521250 0.064444 0.036250
0 0.531111 0.445000 0.066667 0.037500
0 0.644444 0.228750 0.066667 0.037500
0 0.691111 0.527500 0.073333 0.041250
0 0.695556 0.200000 0.066667 0.037500
0 0.768889 0.266250 0.066667 0.037500
0 0.744444 0.228750 0.066667 0.037500
0 0.820000 0.238750 0.064444 0.036250
0 0.688889 0.260000 0.064444 0.036250
0 0.624444 0.268750 0.086667 0.048750
0 0.531111 0.487500 0.073333 0.041250
0 0.588889 0.467500 0.071111 0.040000
0 0.764444 0.648750 0.066667 0.037500
0 0.642222 0.490000 0.066667 0.037500