0 0.113333 0.242500 0.064444 0.036250
0 0.817778 0.656250 0.064444 0.036250
0 0.513333 0.637500 0.064444 0.036250
0 0.840000 0.161250 0.064444 0.036250
0 0.671111 0.240000 0.064444 0.036250
0 0.444444 0.318750 0.064444 0.036250
0 0.395556 0.245000 0.062222 0.035000
0 0.680000 0.451250 0.064444 0.036250
0 0.533333 0.238750 0.064444 0.036250
0 0.155556 0.318750 0.062222 0.035000
0 0.557778 0.160000 0.062222 0.035000
0 0.213333 0.455000 0.064444 0.036250
0 0.377778 0.748750 0.064444 0.036250
0 0.582222 0.312500 0.062222 0.035000
0 0.277778 0.151250 0.064444 0.036250
0 0.146667 0.745000 0.062222 0.035000
0 0.417778 0.167500 0.062222 0.035000
0 0.697778 0.161250 0.062222 0.035000
0 0.255556 0.231250 0.064444 0.036250
0 0.304444 0.306250 0.062222 0.035000
0 0.315556 0.638750 0.064444 0.036250
0 0.848889 0.518750 0.064444 0.036250
0 0.135556 0.156250 0.064444 0.036250
0 0.831111 0.243750 0.064444 0.036250
0 0.860000 0.321250 0.066667 0.037500
0 0.480000 0.833750 0.062222 0.035000
0 0.720000 0.315000 0.062222 0.035000
0 0.446667 0.477500 0.062222 0.035000
0 0.100000 0.506250 0.064444 0.036250
0 0.262222 0.852500 0.064444 0.036250
0 0.822222 0.840000 0.064444 0.036250
0 0.153333 0.607500 0.064444 0.036250