0 0.204444 0.800000 0.068889 0.038750
0 0.113333 0.221250 0.071111 0.040000
0 0.115556 0.131250 0.068889 0.038750
0 0.502222 0.763750 0.066667 0.037500
0 0.275556 0.133750 0.068889 0.038750
0 0.897778 0.641250 0.066667 0.037500
0 0.893333 0.728750 0.066667 0.037500
0 0.748889 0.132500 0.068889 0.038750
0 0.626667 0.811250 0.066667 0.037500
0 0.682222 0.478750 0.066667 0.037500
0 0.740000 0.737500 0.066667 0.037500
0 0.124444 0.307500 0.071111 0.040000
0 0.266667 0.222500 0.071111 0.040000
0 0.908889 0.125000 0.068889 0.038750
0 0.866667 0.472500 0.066667 0.037500
0 0.417778 0.647500 0.066667 0.037500
0 0.128889 0.556250 0.071111 0.040000
0 0.124444 0.471250 0.071111 0.040000
0 0.126667 0.727500 0.066667 0.037500
0 0.893333 0.388750 0.066667 0.037500
0 0.115556 0.881250 0.068889 0.038750
0 0.357778 0.788750 0.066667 0.037500
0 0.584444 0.140000 0.068889 0.038750
0 0.908889 0.870000 0.068889 0.038750
0 0.286667 0.576250 0.071111 0.040000
0 0.388889 0.462500 0.068889 0.038750
0 0.582222 0.676250 0.066667 0.037500
0 0.737778 0.395000 0.066667 0.037500
0 0.186667 0.387500 0.071111 0.040000
0 0.444444 0.313750 0.071111 0.040000
0 0.428889 0.227500 0.066667 0.037500
0 0.722222 0.218750 0.071111 0.040000
0 0.348889 0.380000 0.075556 0.042500
0 0.715556 0.560000 0.066667 0.037500
0 0.148889 0.641250 0.071111 0.040000
0 0.877778 0.303750 0.071111 0.040000
0 0.277778 0.873750 0.068889 0.038750
0 0.522222 0.587500 0.066667 0.037500
0 0.717778 0.312500 0.071111 0.040000
0 0.300000 0.712500 0.071111 0.040000
0 0.540000 0.431250 0.066667 0.037500
0 0.733333 0.638750 0.071111 0.040000
0 0.571111 0.260000 0.066667 0.037500
0 0.866667 0.556250 0.075556 0.042500
0 0.504444 0.867500 0.068889 0.038750
0 0.873333 0.216250 0.071111 0.040000
0 0.757778 0.868750 0.066667 0.037500
0 0.582222 0.353750 0.075556 0.042500
0 0.433333 0.146250 0.071111 0.040000