0 0.451111 0.765000 0.088889 0.050000
0 0.846667 0.661250 0.084444 0.047500
0 0.604444 0.621250 0.075556 0.042500
0 0.680000 0.573750 0.075556 0.042500
0 0.853333 0.616250 0.084444 0.047500
0 0.615556 0.712500 0.082222 0.046250
0 0.868889 0.710000 0.091111 0.051250
0 0.300000 0.721250 0.086667 0.048750
0 0.613333 0.761250 0.086667 0.048750
0 0.777778 0.761250 0.088889 0.050000
0 0.693333 0.762500 0.080000 0.045000
0 0.766667 0.617500 0.082222 0.046250
0 0.677778 0.665000 0.080000 0.045000
0 0.684444 0.618750 0.080000 0.045000
0 0.382222 0.720000 0.088889 0.050000
0 0.528889 0.765000 0.086667 0.048750
0 0.793333 0.811250 0.091111 0.051250
0 0.933333 0.658750 0.088889 0.050000
0 0.697778 0.711250 0.080000 0.045000
0 0.531111 0.623750 0.075556 0.042500
0 0.148889 0.723750 0.084444 0.047500
0 0.760000 0.663750 0.084444 0.047500
0 0.593333 0.535000 0.071111 0.040000
0 0.366667 0.767500 0.084444 0.047500
0 0.913333 0.525000 0.080000 0.045000
0 0.942222 0.611250 0.084444 0.047500
0 0.291111 0.818750 0.091111 0.051250
0 0.288827 0.298806 0.075431 0.037612
0 0.455556 0.625000 0.075556 0.042500
0 0.526667 0.581250 0.075556 0.042500
0 0.368889 0.817500 0.088889 0.050000
0 0.380000 0.627500 0.084444 0.047500
0 0.121631 0.319405 0.065006 0.038809
0 0.142222 0.678750 0.082222 0.046250
0 0.908889 0.483750 0.080000 0.045000
0 0.764444 0.571250 0.075556 0.042500
0 0.600000 0.577500 0.073333 0.041250
0 0.517778 0.537500 0.071111 0.040000
0 0.453333 0.815000 0.091111 0.051250
0 0.288889 0.768750 0.084444 0.047500
0 0.199356 0.301978 0.067833 0.036566
0 0.784444 0.710000 0.084444 0.047500
0 0.751111 0.531250 0.084444 0.047500
0 0.615556 0.812500 0.082222 0.046250
0 0.082222 0.636250 0.075556 0.042500
0 0.871111 0.760000 0.084444 0.047500
0 0.831111 0.526250 0.080000 0.045000
0 0.957778 0.707500 0.084444 0.050000
0 0.211111 0.770000 0.084444 0.047500
0 0.880000 0.808750 0.084444 0.047500
0 0.448889 0.671250 0.082222 0.046250
0 0.886667 0.406250 0.077778 0.043750
0 0.540000 0.715000 0.084444 0.047500
0 0.291111 0.675000 0.084444 0.047500
0 0.453333 0.582500 0.073333 0.041250
0 0.522222 0.670000 0.084444 0.047500
0 0.595556 0.492500 0.073333 0.041250
0 0.704444 0.813750 0.086667 0.048750
0 0.671111 0.487500 0.073333 0.041250
0 0.135556 0.771250 0.084444 0.047500
0 0.222222 0.722500 0.084444 0.047500
0 0.520000 0.498750 0.071111 0.040000
0 0.671111 0.528750 0.075556 0.042500
0 0.377778 0.505000 0.071111 0.040000
0 0.964444 0.755000 0.071112 0.051250
0 0.817778 0.447500 0.075556 0.042500
0 0.926667 0.567500 0.080000 0.045000
0 0.517778 0.458750 0.066667 0.037500
0 0.842222 0.571250 0.084444 0.047500
0 0.359071 0.292406 0.078144 0.039812
0 0.602222 0.668750 0.082222 0.046250
0 0.828889 0.486250 0.075556 0.042500
0 0.531111 0.815000 0.086667 0.048750
0 0.460000 0.716250 0.082222 0.046250
0 0.204444 0.820000 0.075556 0.042500
0 0.733333 0.412500 0.071111 0.040000
0 0.368889 0.675000 0.088889 0.050000
0 0.628889 0.282500 0.088889 0.050000
0 0.211111 0.677500 0.075556 0.042500
0 0.751111 0.485000 0.075556 0.042500
0 0.235556 0.511250 0.068889 0.038750
0 0.584444 0.417500 0.066667 0.037500
0 0.564444 0.242500 0.088889 0.050000
0 0.377778 0.583750 0.075556 0.042500
0 0.126667 0.818750 0.082222 0.046250
0 0.304579 0.632921 0.084176 0.041658
0 0.720000 0.337500 0.075556 0.042500
0 0.884444 0.365000 0.071111 0.040000
0 0.808889 0.368750 0.071111 0.040000
0 0.055556 0.818750 0.084444 0.047500
0 0.635556 0.235000 0.080000 0.045000
0 0.742222 0.446250 0.075556 0.042500
0 0.644444 0.341250 0.073333 0.041250
0 0.664444 0.447500 0.075556 0.042500
0 0.875556 0.330000 0.071111 0.040000
0 0.168889 0.475000 0.068889 0.038750
0 0.713333 0.273750 0.111111 0.062500
0 0.066667 0.771250 0.091111 0.051250
0 0.130582 0.263558 0.060296 0.029677
0 0.306667 0.590000 0.088889 0.050000
0 0.224444 0.632500 0.086667 0.048750
0 0.448889 0.501250 0.068889 0.038750
0 0.442222 0.541250 0.080000 0.045000
0 0.586667 0.383750 0.075556 0.042500
0 0.411111 0.217500 0.071111 0.040000
0 0.902222 0.441250 0.068889 0.038750
0 0.201712 0.260378 0.072543 0.033916
0 0.313333 0.968750 0.106667 0.060000
0 0.080000 0.725000 0.086667 0.048750
0 0.097778 0.596250 0.082222 0.046250
0 0.300000 0.546250 0.068889 0.038750
0 0.304444 0.508750 0.066667 0.037500
0 0.806667 0.330000 0.060000 0.033750
0 0.373333 0.467500 0.066667 0.037500
0 0.304444 0.365000 0.064444 0.036250
0 0.079154 0.173936 0.053864 0.026621
0 0.224444 0.588750 0.075556 0.042500
0 0.237778 0.475000 0.068889 0.038750
0 0.515556 0.385000 0.068889 0.038750
0 0.657778 0.413750 0.066667 0.037500
0 0.302222 0.433750 0.060000 0.033750
0 0.542130 0.302862 0.068775 0.038686
0 0.588889 0.452500 0.075556 0.042500
0 0.733333 0.375000 0.071111 0.040000
0 0.513333 0.422500 0.066667 0.037500
0 0.371111 0.430000 0.060000 0.033750
0 0.784444 0.178750 0.084444 0.047500
0 0.115556 0.376250 0.066667 0.037500
0 0.338319 0.152494 0.057469 0.024989
0 0.277232 0.259903 0.072241 0.041445
0 0.368889 0.543750 0.064444 0.036250
0 0.433944 0.281046 0.067833 0.034976
0 0.162222 0.550000 0.073333 0.041250
0 0.308889 0.397500 0.060000 0.033750
0 0.108889 0.480000 0.075556 0.042500
0 0.146667 0.633750 0.071111 0.040000
0 0.104444 0.517500 0.068889 0.038750
0 0.304444 0.468750 0.068889 0.038750
0 0.440000 0.462500 0.060000 0.033750
0 0.095556 0.552500 0.075556 0.042500
0 0.808889 0.407500 0.071111 0.040000
0 0.873333 0.212500 0.068889 0.038750
0 0.228889 0.551250 0.066667 0.037500
0 0.171111 0.438750 0.066667 0.037500
0 0.166667 0.512500 0.060000 0.033750
0 0.657778 0.377500 0.080000 0.045000
0 0.804444 0.257500 0.071111 0.040000
0 0.237778 0.436250 0.066667 0.037500
0 0.408507 0.148214 0.064064 0.031429
0 0.108889 0.443750 0.066667 0.037500
0 0.060000 0.308750 0.057778 0.032500
0 0.373893 0.360304 0.070007 0.035641
0 0.182222 0.401250 0.071111 0.040000
0 0.153333 0.593750 0.064444 0.036250
0 0.200000 0.227500 0.060000 0.033750
0 0.379628 0.390447 0.065923 0.038395
0 0.067284 0.676307 0.080174 0.040196
0 0.965015 0.810621 0.069970 0.050000
0 0.110857 0.408170 0.087146 0.029412
0 0.244190 0.366993 0.064488 0.033333
0 0.249419 0.399837 0.057516 0.034314
0 0.439910 0.353736 0.065948 0.033386
0 0.506801 0.349232 0.065948 0.030737
0 0.446034 0.388182 0.066890 0.030207
0 0.444150 0.425013 0.068775 0.036036
0 0.145655 0.169758 0.060296 0.026497
0 0.208306 0.163399 0.061238 0.028617
0 0.275668 0.157039 0.064064 0.028617
0 0.075939 0.207384 0.060296 0.027557
0 0.074997 0.238650 0.069717 0.028617
0 0.066989 0.271772 0.061238 0.030207
0 0.147069 0.200760 0.059353 0.024907
0 0.138119 0.232026 0.060296 0.029147
0 0.212075 0.193075 0.063122 0.028617
0 0.281792 0.189101 0.068775 0.029147
0 0.273313 0.220632 0.070659 0.032856
0 0.340674 0.216658 0.058411 0.027027
0 0.351979 0.247394 0.064064 0.028087
0 0.425465 0.247394 0.065948 0.027027
0 0.490942 0.241830 0.065006 0.030737
0 0.480108 0.208444 0.069717 0.031797
0 0.490000 0.173203 0.070659 0.032326
0 0.476810 0.142201 0.068775 0.024377
0 0.420754 0.177442 0.064064 0.027027
0 0.353393 0.184596 0.063122 0.025437
0 0.551709 0.201290 0.069717 0.033386
0 0.561130 0.166313 0.065948 0.031267
0 0.545585 0.135047 0.066890 0.029147
0 0.618128 0.130542 0.066890 0.028617
0 0.633202 0.159159 0.070659 0.028617
0 0.624723 0.191221 0.070659 0.032326
0 0.702448 0.183536 0.081022 0.028617
0 0.711398 0.220102 0.068775 0.036036
0 0.796034 0.216866 0.080368 0.036492
0 0.779573 0.147422 0.076495 0.030501
0 0.758271 0.114742 0.080368 0.030501
0 0.686432 0.123653 0.067833 0.025437
0 0.705983 0.154230 0.072622 0.031046
0 0.501305 0.273892 0.070659 0.033386
0 0.834766 0.108751 0.066812 0.031590
0 0.857036 0.142520 0.076495 0.031590
0 0.866719 0.177106 0.078431 0.032135
0 0.884632 0.251725 0.075527 0.034314