0 0.373333 0.260000 0.064444 0.036250
0 0.337778 0.415000 0.064444 0.036250
0 0.180000 0.653750 0.064444 0.036250
0 0.444444 0.268750 0.064444 0.036250
0 0.735556 0.536250 0.062222 0.035000
0 0.737778 0.306250 0.064444 0.036250
0 0.477778 0.575000 0.062222 0.035000
0 0.273333 0.527500 0.064444 0.036250
0 0.651111 0.257500 0.064444 0.036250
0 0.406667 0.451250 0.064444 0.036250
0 0.671111 0.562500 0.062222 0.035000
0 0.342222 0.527500 0.064444 0.036250
0 0.608889 0.536250 0.062222 0.035000
0 0.606667 0.460000 0.062222 0.035000
0 0.255556 0.341250 0.066667 0.037500
0 0.475556 0.537500 0.062222 0.035000
0 0.533333 0.490000 0.062222 0.035000
0 0.342222 0.566250 0.064444 0.036250
0 0.346667 0.643750 0.064444 0.036250
0 0.271111 0.688750 0.064444 0.036250
0 0.415556 0.641250 0.064444 0.036250
0 0.182222 0.307500 0.066667 0.037500
0 0.275556 0.605000 0.064444 0.036250
0 0.531111 0.222500 0.064444 0.036250
0 0.117778 0.333750 0.066667 0.037500
0 0.511111 0.260000 0.064444 0.036250
0 0.411111 0.523750 0.064444 0.036250
0 0.473333 0.462500 0.064444 0.036250
0 0.097778 0.417500 0.066667 0.037500
0 0.391111 0.182500 0.064444 0.036250
0 0.868889 0.605000 0.062222 0.035000
0 0.675556 0.601250 0.062222 0.035000
0 0.164444 0.385000 0.066667 0.037500
0 0.200000 0.462500 0.066667 0.037500
0 0.084444 0.256250 0.066667 0.037500
0 0.477778 0.612500 0.062222 0.035000
0 0.375556 0.377500 0.064444 0.036250
0 0.460000 0.308750 0.064444 0.036250
0 0.533333 0.337500 0.064444 0.036250
0 0.600000 0.341250 0.064444 0.036250
0 0.671111 0.292500 0.064444 0.036250
0 0.528889 0.182500 0.064444 0.036250
0 0.388889 0.488750 0.064444 0.036250
0 0.462222 0.190000 0.064444 0.036250
0 0.395556 0.340000 0.064444 0.036250
0 0.202222 0.537500 0.064444 0.036250
0 0.553333 0.757500 0.064444 0.036250
0 0.580000 0.258750 0.064444 0.036250
0 0.546667 0.718750 0.062222 0.035000
0 0.797778 0.376250 0.062222 0.035000
0 0.806667 0.641250 0.062222 0.035000
0 0.133333 0.571250 0.066667 0.037500
0 0.275556 0.643750 0.064444 0.036250
0 0.664444 0.371250 0.062222 0.035000
0 0.186667 0.347500 0.066667 0.037500
0 0.322222 0.302500 0.064444 0.036250
0 0.600000 0.220000 0.064444 0.036250
0 0.248889 0.182500 0.066667 0.037500
0 0.180000 0.693750 0.064444 0.036250
0 0.395556 0.222500 0.064444 0.036250
0 0.473333 0.422500 0.064444 0.036250
0 0.595556 0.182500 0.064444 0.036250
0 0.088889 0.296250 0.066667 0.037500
0 0.322222 0.182500 0.066667 0.037500
0 0.600000 0.297500 0.064444 0.036250
0 0.875556 0.717500 0.064444 0.036250
0 0.391111 0.301250 0.066667 0.037500
0 0.326667 0.223750 0.064444 0.036250
0 0.111111 0.732500 0.064444 0.036250
0 0.184444 0.230000 0.066667 0.037500
0 0.448889 0.385000 0.064444 0.036250
0 0.480000 0.650000 0.062222 0.035000
0 0.248889 0.491250 0.064444 0.036250
0 0.804444 0.256250 0.064444 0.036250
0 0.864444 0.340000 0.064444 0.036250
0 0.264444 0.413750 0.064444 0.036250
0 0.273333 0.566250 0.064444 0.036250
0 0.544444 0.641250 0.064444 0.036250
0 0.864444 0.453750 0.062222 0.035000
0 0.117778 0.532500 0.071111 0.040000
0 0.733333 0.383750 0.064444 0.036250
0 0.737778 0.345000 0.062222 0.035000
0 0.464444 0.228750 0.066667 0.037500
0 0.106667 0.610000 0.064444 0.036250
0 0.177778 0.500000 0.064444 0.036250
0 0.188889 0.731250 0.064444 0.036250
0 0.464444 0.347500 0.064444 0.036250
0 0.551111 0.793750 0.064444 0.036250
0 0.797778 0.490000 0.062222 0.035000
0 0.815556 0.753750 0.060000 0.033750
0 0.206667 0.578750 0.066667 0.037500
0 0.420000 0.755000 0.064444 0.036250
0 0.800000 0.337500 0.062222 0.035000
0 0.677778 0.637500 0.062222 0.035000
0 0.202222 0.617500 0.066667 0.037500
0 0.542222 0.680000 0.064444 0.036250
0 0.664444 0.181250 0.064444 0.036250
0 0.460000 0.498750 0.064444 0.036250
0 0.668889 0.332500 0.062222 0.035000
0 0.680000 0.715000 0.062222 0.035000
0 0.177778 0.190000 0.066667 0.037500
0 0.544444 0.566250 0.064444 0.036250
0 0.735556 0.257500 0.064444 0.036250
0 0.108889 0.688750 0.064444 0.036250
0 0.602222 0.422500 0.062222 0.035000
0 0.235556 0.377500 0.071111 0.040000
0 0.213333 0.816250 0.064444 0.036250
0 0.340000 0.453750 0.064444 0.036250
0 0.475556 0.690000 0.064444 0.036250
0 0.800000 0.298750 0.064444 0.036250
0 0.280000 0.738750 0.064444 0.036250
0 0.797778 0.182500 0.064444 0.036250
0 0.864444 0.185000 0.064444 0.036250
0 0.544444 0.602500 0.062222 0.035000
0 0.864444 0.416250 0.062222 0.035000
0 0.282222 0.812500 0.064444 0.036250
0 0.611111 0.612500 0.062222 0.035000
0 0.417778 0.717500 0.064444 0.036250
0 0.868889 0.642500 0.064444 0.036250
0 0.422222 0.792500 0.062222 0.035000
0 0.257778 0.222500 0.064444 0.036250
0 0.611111 0.650000 0.064444 0.036250
0 0.540000 0.413750 0.062222 0.035000
0 0.193333 0.772500 0.066667 0.037500
0 0.266667 0.453750 0.064444 0.036250
0 0.746667 0.796250 0.064444 0.036250
0 0.866667 0.261250 0.062222 0.035000
0 0.873333 0.680000 0.062222 0.035000
0 0.682222 0.752500 0.060000 0.033750
0 0.306667 0.380000 0.066667 0.037500
0 0.744444 0.727500 0.064444 0.036250
0 0.140000 0.818750 0.064444 0.036250
0 0.666667 0.410000 0.062222 0.035000
0 0.802222 0.526250 0.062222 0.035000
0 0.802222 0.220000 0.062222 0.035000
0 0.326667 0.343750 0.075556 0.042500
0 0.340000 0.681250 0.064444 0.036250
0 0.108889 0.650000 0.064444 0.036250
0 0.113333 0.773750 0.064444 0.036250
0 0.813333 0.716250 0.062222 0.035000
0 0.682222 0.800000 0.062222 0.035000
0 0.742222 0.687500 0.060000 0.033750
0 0.344444 0.605000 0.066667 0.037500
0 0.540000 0.527500 0.064444 0.036250
0 0.866667 0.528750 0.062222 0.035000
0 0.355556 0.768750 0.064444 0.036250
0 0.540000 0.451250 0.062222 0.035000
0 0.253333 0.301250 0.071111 0.040000
0 0.602222 0.497500 0.071111 0.040000
0 0.317778 0.491250 0.066667 0.037500
0 0.284444 0.777500 0.064444 0.036250
0 0.486667 0.768750 0.064444 0.036250
0 0.608889 0.573750 0.062222 0.035000
0 0.411111 0.678750 0.062222 0.035000
0 0.731111 0.421250 0.062222 0.035000
0 0.804444 0.602500 0.062222 0.035000
0 0.348889 0.727500 0.075556 0.042500
0 0.304444 0.262500 0.064444 0.036250
0 0.673333 0.525000 0.064444 0.036250
0 0.104444 0.493750 0.064444 0.036250
0 0.864444 0.378750 0.064444 0.036250
0 0.611111 0.688750 0.064444 0.036250
0 0.413333 0.602500 0.062222 0.035000
0 0.122222 0.455000 0.077778 0.043750
0 0.484444 0.801250 0.071111 0.040000
0 0.482222 0.728750 0.064444 0.036250
0 0.671111 0.448750 0.064444 0.036250
0 0.680000 0.677500 0.064444 0.036250
0 0.742222 0.650000 0.062222 0.035000
0 0.802222 0.563750 0.060000 0.033750
0 0.524444 0.298750 0.066667 0.037500
0 0.740000 0.612500 0.064444 0.036250
0 0.877778 0.790000 0.064444 0.036250
0 0.797778 0.416250 0.060000 0.033750
0 0.808889 0.678750 0.060000 0.033750
0 0.868889 0.223750 0.060000 0.033750
0 0.733333 0.182500 0.060000 0.033750
0 0.166667 0.271250 0.075556 0.042500
0 0.233333 0.261250 0.071111 0.040000
0 0.093333 0.375000 0.066667 0.037500
0 0.735556 0.460000 0.064444 0.036250
0 0.864444 0.491250 0.062222 0.035000
0 0.620000 0.765000 0.060000 0.033750
0 0.666667 0.487500 0.064444 0.036250
0 0.613333 0.727500 0.062222 0.035000
0 0.733333 0.497500 0.062222 0.035000
0 0.795556 0.452500 0.064444 0.036250
0 0.617778 0.803750 0.062222 0.035000
0 0.188889 0.423750 0.066667 0.037500
0 0.666667 0.220000 0.064444 0.036250
0 0.748889 0.763750 0.062222 0.035000
0 0.411111 0.561250 0.066667 0.037500
0 0.875556 0.753750 0.064444 0.036250
0 0.351111 0.807500 0.060000 0.033750
0 0.595556 0.381250 0.071111 0.040000
0 0.520000 0.377500 0.066667 0.037500
0 0.733333 0.220000 0.066667 0.037500
0 0.868889 0.565000 0.062222 0.035000
0 0.406667 0.411250 0.066667 0.037500
0 0.860000 0.301250 0.071111 0.040000
0 0.815556 0.790000 0.060000 0.033750
0 0.737778 0.573750 0.062222 0.035000