0 0.404444 0.552500 0.064444 0.036250
0 0.555556 0.410000 0.055556 0.031250
0 0.422222 0.625000 0.062222 0.035000
0 0.180000 0.411250 0.057778 0.032500
0 0.806667 0.791250 0.068889 0.038750
0 0.662222 0.556250 0.062222 0.035000
0 0.824444 0.485000 0.068889 0.038750
0 0.557778 0.703750 0.066667 0.037500
0 0.142222 0.553750 0.057778 0.032500
0 0.684444 0.630000 0.064444 0.036250
0 0.115556 0.783750 0.066667 0.037500
0 0.800000 0.340000 0.064444 0.036250
0 0.273333 0.552500 0.057778 0.032500
0 0.837778 0.716250 0.066667 0.037500
0 0.175556 0.482500 0.055556 0.031250
0 0.293333 0.625000 0.066667 0.037500
0 0.288889 0.703750 0.062222 0.035000
0 0.248889 0.225000 0.057778 0.032500
0 0.393333 0.777500 0.066667 0.037500
0 0.695556 0.711250 0.064444 0.036250
0 0.431111 0.482500 0.064444 0.036250
0 0.557778 0.481250 0.060000 0.033750
0 0.690701 0.486150 0.071377 0.042951
0 0.797778 0.558750 0.066667 0.037500
0 0.157778 0.627500 0.060000 0.033750
0 0.306667 0.412500 0.055556 0.031250
0 0.666667 0.790000 0.064444 0.036250
0 0.551111 0.626250 0.064444 0.036250
0 0.433333 0.413750 0.062222 0.035000
0 0.666667 0.340000 0.060000 0.033750
0 0.824444 0.266250 0.057778 0.032500
0 0.433333 0.271250 0.055556 0.031250
0 0.528889 0.778750 0.064444 0.036250
0 0.253333 0.782500 0.060000 0.033750
0 0.531111 0.552500 0.060000 0.033750
0 0.171111 0.275000 0.057778 0.032500
0 0.824444 0.633750 0.068889 0.038750
0 0.566667 0.151250 0.057778 0.032500
0 0.822222 0.411250 0.066667 0.037500
0 0.691111 0.268750 0.057778 0.032500
0 0.417778 0.706250 0.075556 0.042500
0 0.162222 0.342500 0.055556 0.031250
0 0.304444 0.482500 0.055556 0.031250
0 0.688211 0.413321 0.073037 0.041083
0 0.313333 0.280000 0.060000 0.033750
0 0.828889 0.143750 0.060000 0.033750
0 0.760000 0.208750 0.062222 0.035000
0 0.304444 0.158750 0.057778 0.032500
0 0.155556 0.705000 0.066667 0.037500
0 0.562222 0.277500 0.060000 0.033750
0 0.540000 0.338750 0.057778 0.032500
0 0.628889 0.210000 0.057778 0.032500
0 0.500000 0.211250 0.055556 0.031250
0 0.695556 0.148750 0.057778 0.032500
0 0.435556 0.155000 0.057778 0.032500
0 0.368889 0.213750 0.055556 0.031250
0 0.417778 0.345000 0.060000 0.033750
0 0.295556 0.348750 0.057778 0.032500
0 0.177778 0.161250 0.057778 0.032500