0 0.162222 0.848750 0.062222 0.035000
0 0.371111 0.688750 0.055556 0.031250
0 0.304646 0.777945 0.069292 0.035194
0 0.160000 0.716250 0.055556 0.031250
0 0.168889 0.673750 0.060000 0.033750
0 0.306667 0.736250 0.055556 0.031250
0 0.713333 0.766250 0.055556 0.031250
0 0.300000 0.648750 0.057778 0.032500
0 0.160000 0.803750 0.055556 0.031250
0 0.788171 0.803978 0.049676 0.033295
0 0.304444 0.691250 0.057778 0.032500
0 0.306667 0.825000 0.055556 0.031250
0 0.376385 0.732445 0.054522 0.034691
0 0.297778 0.606250 0.071111 0.040000
0 0.526667 0.832500 0.060000 0.033750
0 0.588889 0.787500 0.055556 0.031250
0 0.153333 0.760000 0.057778 0.032500
0 0.380000 0.778750 0.057778 0.032500
0 0.291111 0.563750 0.064444 0.036250
0 0.377726 0.825205 0.057204 0.033183
0 0.153333 0.505000 0.060000 0.033750
0 0.575556 0.700000 0.057778 0.032500
0 0.160000 0.585000 0.057778 0.032500
0 0.722222 0.810000 0.055556 0.031250
0 0.918419 0.816329 0.050171 0.029842
0 0.357778 0.478750 0.055556 0.031250
0 0.764444 0.720000 0.055556 0.031250
0 0.573333 0.745000 0.055556 0.031250
0 0.109104 0.278036 0.051370 0.032508
0 0.143046 0.211472 0.055040 0.027348
0 0.202672 0.214052 0.053205 0.031476
0 0.203589 0.177933 0.051370 0.028380
0 0.114150 0.176127 0.055957 0.030960
0 0.146715 0.112401 0.055040 0.031476
0 0.211845 0.108531 0.053205 0.027864
0 0.213221 0.143103 0.048618 0.024768
0 0.331097 0.130977 0.051370 0.027348
0 0.333849 0.167871 0.051370 0.027864
0 0.324991 0.204290 0.048265 0.031171
0 0.320969 0.239735 0.054522 0.025641
0 0.321863 0.277694 0.049159 0.031171
0 0.311584 0.313390 0.050053 0.029160
0 0.199858 0.247025 0.055416 0.030166
0 0.191814 0.282219 0.053628 0.031171
0 0.181982 0.317412 0.051841 0.032177
0 0.303987 0.350092 0.058097 0.033183
0 0.174385 0.353612 0.065248 0.032177
0 0.161872 0.392827 0.059885 0.032177
0 0.149805 0.430283 0.062566 0.031674
0 0.151146 0.467739 0.063460 0.031171
0 0.155168 0.548182 0.069717 0.027149
0 0.162766 0.630132 0.061673 0.030166
0 0.288345 0.527317 0.060779 0.026647
0 0.285664 0.493129 0.058991 0.031674
0 0.285217 0.456930 0.061673 0.031674
0 0.284323 0.417965 0.063460 0.033183
0 0.292814 0.385034 0.067929 0.027652
0 0.382642 0.647226 0.058097 0.033183
0 0.373257 0.605497 0.058991 0.033183
0 0.369681 0.563767 0.055416 0.030166
0 0.364765 0.525054 0.056310 0.033183
0 0.358062 0.443858 0.062566 0.028658
0 0.354487 0.406653 0.060779 0.031674
0 0.362531 0.368694 0.058991 0.031171
0 0.366106 0.333752 0.051841 0.028658
0 0.374150 0.299816 0.057204 0.030166
0 0.379066 0.266885 0.049159 0.025641
0 0.389345 0.230183 0.051841 0.026647
0 0.388004 0.197503 0.063460 0.026647
0 0.392920 0.164823 0.058991 0.028658
0 0.392920 0.127619 0.051841 0.025641
0 0.509115 0.123429 0.048265 0.030669
0 0.507327 0.158120 0.053628 0.028658
0 0.508221 0.194067 0.048265 0.026144
0 0.503752 0.228758 0.051841 0.027149
0 0.498389 0.261438 0.055416 0.026144
0 0.492133 0.294369 0.046478 0.025641
0 0.558274 0.290598 0.046478 0.026144
0 0.487664 0.329311 0.055416 0.031171
0 0.557380 0.325289 0.051841 0.027149
0 0.485429 0.363751 0.049159 0.027652
0 0.553805 0.358723 0.055416 0.024635
0 0.478726 0.399196 0.051841 0.026144
0 0.551124 0.392660 0.053628 0.027149
0 0.470234 0.433635 0.054522 0.024635
0 0.476491 0.470337 0.056310 0.026647
0 0.542186 0.428105 0.057204 0.029663
0 0.549783 0.466315 0.059885 0.027652
0 0.481854 0.509553 0.058097 0.027652
0 0.484982 0.550779 0.064354 0.033685
0 0.489004 0.589241 0.059885 0.030166
0 0.496602 0.628205 0.058991 0.030669
0 0.502411 0.670186 0.065248 0.031171
0 0.502858 0.708396 0.057204 0.031171
0 0.500624 0.751131 0.063460 0.034188
0 0.519394 0.792609 0.061673 0.035696
0 0.596261 0.831071 0.059885 0.033183
0 0.565872 0.125440 0.045584 0.033685
0 0.567659 0.161136 0.043796 0.024635
0 0.564978 0.194067 0.045584 0.026144
0 0.560956 0.228255 0.051841 0.030166
0 0.560956 0.257667 0.055416 0.025641
0 0.554699 0.507039 0.055416 0.033685
0 0.560062 0.541730 0.057204 0.030669
0 0.557827 0.578934 0.058097 0.032680
0 0.561849 0.617898 0.053628 0.029160
0 0.564978 0.657617 0.052734 0.030166
0 0.695026 0.724568 0.055416 0.031674
0 0.692345 0.683342 0.064354 0.031674
0 0.681172 0.642869 0.058097 0.032177
0 0.675363 0.604910 0.066142 0.032680
0 0.671787 0.144294 0.048265 0.027149
0 0.676256 0.180995 0.042903 0.026144
0 0.676703 0.215938 0.043796 0.024635
0 0.676256 0.248617 0.053628 0.024635
0 0.673128 0.282554 0.043796 0.022122
0 0.672681 0.315737 0.053628 0.028155
0 0.669106 0.351181 0.053628 0.025641
0 0.669553 0.386626 0.054522 0.029160
0 0.667318 0.421317 0.046478 0.028155
0 0.665531 0.455505 0.053628 0.028155
0 0.667765 0.491453 0.050947 0.028658
0 0.673575 0.529412 0.051841 0.031171
0 0.674022 0.566114 0.050947 0.030166
0 0.770553 0.760181 0.063460 0.030166
0 0.904177 0.776521 0.066142 0.034691
0 0.890770 0.736300 0.058991 0.030669
0 0.882725 0.697335 0.058991 0.031171
0 0.874681 0.657617 0.060779 0.031171
0 0.861721 0.620161 0.070611 0.030669
0 0.857699 0.583208 0.051841 0.033183
0 0.857699 0.547260 0.055416 0.033685
0 0.853230 0.510307 0.071504 0.025138
0 0.845186 0.475113 0.071504 0.027149
0 0.843398 0.439165 0.062566 0.029663
0 0.840270 0.404475 0.059885 0.027652
0 0.843398 0.369030 0.055416 0.026144
0 0.840717 0.336601 0.067929 0.027652
0 0.841610 0.302413 0.055416 0.027652
0 0.841610 0.270488 0.055416 0.030166
0 0.842057 0.237808 0.056310 0.024133
0 0.843845 0.205380 0.056310 0.027652
0 0.841163 0.171192 0.045584 0.027652
0 0.840717 0.140523 0.046478 0.026647
0 0.725416 0.146556 0.044690 0.027652
0 0.737035 0.181750 0.050053 0.022624
0 0.734801 0.214681 0.045584 0.025138
0 0.729438 0.246355 0.043796 0.030166
0 0.728991 0.281046 0.046478 0.031171
0 0.725863 0.311714 0.043796 0.032177
0 0.726756 0.349673 0.043796 0.034691
0 0.726310 0.384113 0.051841 0.030166
0 0.722287 0.416541 0.050947 0.034691
0 0.726310 0.452489 0.050053 0.032177
0 0.726756 0.490196 0.056310 0.031171
0 0.730332 0.525892 0.049159 0.032177
0 0.754464 0.679739 0.056310 0.030166
0 0.743292 0.637758 0.044690 0.029663
0 0.734354 0.598793 0.051841 0.027149
0 0.731672 0.563348 0.046478 0.034691