0 0.507371 0.491993 0.064488 0.034314
0 0.510857 0.413072 0.061002 0.035294
0 0.647676 0.338562 0.066231 0.029412
0 0.650290 0.414542 0.057516 0.038235
0 0.372295 0.331209 0.059259 0.030392
0 0.793210 0.265196 0.054031 0.030392
0 0.791467 0.416503 0.054031 0.040196
0 0.516957 0.257843 0.059259 0.029412
0 0.658134 0.260784 0.066231 0.031373
0 0.795824 0.493464 0.062745 0.039216
0 0.224147 0.321895 0.062745 0.037255
0 0.652033 0.492974 0.061002 0.036275
0 0.368809 0.409150 0.059259 0.033333
0 0.650290 0.573856 0.064488 0.035294
0 0.364452 0.490033 0.061002 0.036275
0 0.512600 0.335621 0.061002 0.029412
0 0.808025 0.659641 0.066231 0.036275
0 0.785367 0.339052 0.055773 0.030392
0 0.376652 0.253431 0.057516 0.030392
0 0.723493 0.200490 0.057516 0.034314
0 0.193333 0.655000 0.060000 0.033750
0 0.314778 0.186765 0.066231 0.032353
0 0.449855 0.193137 0.061002 0.033333
0 0.223275 0.241667 0.064488 0.032353
0 0.513333 0.747500 0.057778 0.032500
0 0.348889 0.753750 0.057778 0.032500
0 0.584931 0.198039 0.052288 0.031373
0 0.798439 0.574346 0.071460 0.038235
0 0.218046 0.400817 0.057516 0.040196
0 0.355556 0.568750 0.057778 0.032500
0 0.820461 0.750327 0.070189 0.039216
0 0.210203 0.481699 0.066231 0.035294
0 0.184444 0.750000 0.060000 0.033750
0 0.666667 0.748750 0.057778 0.032500
0 0.504444 0.656250 0.057778 0.032500
0 0.353333 0.658750 0.057778 0.032500
0 0.197778 0.565000 0.057778 0.032500
0 0.655556 0.658750 0.060000 0.033750
0 0.506500 0.572386 0.062745 0.038235