0 0.513894 0.487616 0.064213 0.034056
0 0.512059 0.413313 0.064213 0.036120
0 0.652410 0.412281 0.069717 0.036120
0 0.797347 0.490196 0.058709 0.035088
0 0.791843 0.412281 0.069717 0.036120
0 0.656079 0.571723 0.066047 0.033024
0 0.367121 0.409185 0.067882 0.036120
0 0.372625 0.253354 0.056874 0.034056
0 0.656079 0.488132 0.058709 0.037152
0 0.510224 0.335913 0.056874 0.038184
0 0.225853 0.320949 0.060544 0.039216
0 0.370791 0.330237 0.060544 0.037152
0 0.786339 0.337977 0.058709 0.031992
0 0.790009 0.263158 0.058709 0.035088
0 0.648741 0.335397 0.055040 0.033024
0 0.219432 0.480908 0.069717 0.037152
0 0.357778 0.656250 0.057778 0.032500
0 0.516646 0.258514 0.066047 0.034056
0 0.361618 0.570175 0.067882 0.038184
0 0.197778 0.655000 0.060000 0.033750
0 0.224936 0.245098 0.058709 0.040248
0 0.202222 0.565000 0.057778 0.032500
0 0.517778 0.746250 0.057778 0.032500
0 0.506555 0.569659 0.056874 0.037152
0 0.369873 0.486584 0.069717 0.038184
0 0.353333 0.751250 0.062222 0.035000
0 0.654245 0.257998 0.066047 0.033024
0 0.221267 0.399897 0.066047 0.038184
0 0.811107 0.654799 0.060544 0.036120
0 0.673333 0.746250 0.057778 0.032500
0 0.191111 0.750000 0.060000 0.033750
0 0.801017 0.569659 0.058709 0.035088
0 0.660000 0.655000 0.057778 0.032500
0 0.445094 0.192466 0.058709 0.031992
0 0.508889 0.655000 0.060000 0.033750
0 0.828536 0.743550 0.062378 0.038184
0 0.312082 0.187307 0.056874 0.038184
0 0.578106 0.199174 0.053205 0.035088
0 0.718457 0.200206 0.055040 0.033024