0 0.494761 0.091130 0.056769 0.031373
0 0.507210 0.127824 0.053782 0.031933
0 0.518166 0.162838 0.053782 0.033613
0 0.592364 0.158077 0.080672 0.027451
0 0.579915 0.122782 0.053782 0.024090
0 0.558502 0.090570 0.048802 0.026891
0 0.381222 0.108217 0.072705 0.029692
0 0.390186 0.141270 0.074697 0.030812
0 0.402635 0.174883 0.065733 0.026331
0 0.401639 0.211578 0.059757 0.030252
0 0.413591 0.247152 0.055773 0.034174
0 0.415085 0.283847 0.062745 0.035854
0 0.414089 0.318581 0.066729 0.029132
0 0.531113 0.332866 0.047806 0.028571
0 0.529121 0.300093 0.057765 0.028011
0 0.533105 0.263119 0.063741 0.023529
0 0.532109 0.230065 0.049798 0.026891
0 0.529619 0.194491 0.056769 0.027451
0 0.589377 0.193091 0.052786 0.035854
0 0.598838 0.226984 0.059757 0.022969
0 0.595352 0.259477 0.042826 0.034174
0 0.587883 0.295331 0.057765 0.029692
0 0.597842 0.331746 0.049798 0.030812
0 0.698931 0.097292 0.072705 0.034734
0 0.701421 0.135387 0.057765 0.034734
0 0.769644 0.100373 0.066729 0.036415
0 0.880195 0.079925 0.056769 0.033613
0 0.891649 0.119421 0.051790 0.038655
0 0.773628 0.133427 0.056769 0.029692
0 0.771138 0.169281 0.049798 0.028571
0 0.706401 0.169001 0.051790 0.031373
0 0.710883 0.205416 0.052786 0.033613
0 0.715365 0.242951 0.053782 0.031373
0 0.891649 0.156116 0.055773 0.033613
0 0.894636 0.188889 0.061749 0.026331
0 0.897624 0.220542 0.049798 0.028011
0 0.899616 0.257236 0.055773 0.027451
0 0.902604 0.290570 0.045814 0.023529
0 0.778608 0.239589 0.048802 0.030252
0 0.777114 0.202894 0.051790 0.024090
0 0.717855 0.276844 0.058761 0.025210
0 0.780102 0.275163 0.051790 0.033053
0 0.418072 0.353315 0.048802 0.026891
0 0.420562 0.389169 0.053782 0.026891
0 0.424546 0.424463 0.047806 0.023529
0 0.426538 0.458077 0.045814 0.025770
0 0.430024 0.494211 0.042826 0.022969
0 0.433510 0.529225 0.055773 0.022409
0 0.439485 0.563679 0.059757 0.026331
0 0.444465 0.600654 0.049798 0.027451
0 0.438987 0.637628 0.058761 0.029692
0 0.445959 0.674883 0.046810 0.026891
0 0.442971 0.709057 0.046810 0.023529
0 0.448449 0.746592 0.043822 0.025770
0 0.436498 0.782446 0.045814 0.026891
0 0.543563 0.368441 0.044818 0.025770
0 0.541073 0.405696 0.051790 0.025210
0 0.548542 0.437909 0.054777 0.028011
0 0.551032 0.473203 0.051790 0.024650
0 0.553024 0.507376 0.055773 0.025770
0 0.557008 0.545472 0.047806 0.030252
0 0.563482 0.581326 0.044818 0.023529
0 0.561988 0.619421 0.045814 0.030252
0 0.567466 0.654155 0.050794 0.029132
0 0.566968 0.690570 0.047806 0.026891
0 0.569457 0.727824 0.054777 0.025210
0 0.578421 0.764519 0.056769 0.029132
0 0.711879 0.310738 0.050794 0.026891
0 0.715863 0.347993 0.058761 0.021849
0 0.723332 0.384127 0.055773 0.028011
0 0.720842 0.419701 0.050794 0.024090
0 0.732296 0.454715 0.043822 0.023529
0 0.734288 0.489449 0.051790 0.024650
0 0.607802 0.365079 0.049798 0.025770
0 0.607304 0.402614 0.054777 0.028011
0 0.610790 0.438469 0.051790 0.026891
0 0.614275 0.470682 0.054777 0.026331
0 0.618757 0.508497 0.057765 0.028011
0 0.647142 0.763959 0.050794 0.028011
0 0.637680 0.725303 0.049798 0.033613
0 0.630709 0.688329 0.053782 0.026891
0 0.633198 0.649113 0.046810 0.031373
0 0.625231 0.616340 0.056769 0.027451
0 0.625231 0.579085 0.060753 0.032493
0 0.619753 0.542670 0.045814 0.029132
0 0.738770 0.523343 0.062745 0.021849
0 0.737774 0.561158 0.046810 0.028011
0 0.748729 0.595612 0.058761 0.025210
0 0.747733 0.630626 0.048802 0.030252
0 0.755701 0.665920 0.046810 0.026891
0 0.749725 0.702614 0.056769 0.029692
0 0.754705 0.736788 0.052786 0.026331
0 0.764166 0.774883 0.051790 0.030812
0 0.770640 0.307937 0.058761 0.028011
0 0.782094 0.345752 0.053782 0.026331
0 0.790559 0.380205 0.044818 0.029132
0 0.788567 0.414099 0.048802 0.031933
0 0.789563 0.448273 0.050794 0.028571
0 0.798029 0.485247 0.047806 0.026331
0 0.802013 0.518021 0.043822 0.022409
0 0.805499 0.552194 0.046810 0.029132
0 0.809482 0.591410 0.042826 0.032493
0 0.815956 0.628105 0.049798 0.029692
0 0.819940 0.664799 0.051790 0.031373
0 0.824920 0.698133 0.051790 0.028571
0 0.827409 0.737909 0.048802 0.027451
0 0.838365 0.775444 0.052786 0.027451
0 0.904098 0.326984 0.056769 0.030252
0 0.904098 0.361718 0.056769 0.028011
0 0.915551 0.398413 0.059757 0.025210
0 0.912066 0.432586 0.062745 0.028571
0 0.919037 0.467040 0.050794 0.025770
0 0.918041 0.500934 0.056769 0.028571
0 0.923519 0.537068 0.055773 0.029132
0 0.930989 0.572642 0.050794 0.022969
0 0.932483 0.610738 0.053782 0.030812
0 0.937462 0.645472 0.049798 0.028571
0 0.939903 0.682680 0.054679 0.026797
0 0.946377 0.718254 0.051691 0.022876
0 0.958453 0.756956 0.049948 0.028571