0 0.557019 0.673190 0.043212 0.069327
0 0.417896 0.570135 0.038997 0.076822
0 0.520658 0.453028 0.040051 0.067454
0 0.498524 0.839950 0.040051 0.069327
0 0.482715 0.119508 0.044266 0.078696
0 0.155987 0.547651 0.048482 0.069327
0 0.536467 0.223499 0.037943 0.073075
0 0.365725 0.830581 0.033727 0.080570
0 0.734261 0.107329 0.044266 0.065580
0 0.759029 0.790297 0.038997 0.067454
0 0.675239 0.427733 0.040051 0.065580
0 0.663645 0.151361 0.037943 0.071201
0 0.819105 0.118571 0.036889 0.073075
0 0.153352 0.409933 0.045320 0.071201
0 0.148609 0.136371 0.044266 0.086191
0 0.157040 0.676000 0.044266 0.067454
0 0.682090 0.294700 0.041105 0.065580
0 0.159675 0.863371 0.041105 0.078696
0 0.755867 0.504555 0.041105 0.061832
0 0.148609 0.275026 0.042159 0.078696
0 0.833333 0.651852 0.035556 0.063210
0 0.685779 0.561704 0.040051 0.063706
0 0.688413 0.694737 0.038997 0.063706
0 0.817524 0.388385 0.035835 0.073075
0 0.841238 0.787486 0.036889 0.065580
0 0.403141 0.317184 0.041105 0.076822
0 0.684725 0.827771 0.037943 0.067454
0 0.828889 0.521481 0.035556 0.063210
0 0.742222 0.371358 0.033333 0.059259
0 0.751111 0.237037 0.033333 0.059259
0 0.755556 0.636049 0.035556 0.063210
0 0.828889 0.252840 0.035556 0.063210