0 0.293333 0.453750 0.064444 0.036250
0 0.828889 0.415000 0.064444 0.036250
0 0.295556 0.526250 0.064444 0.036250
0 0.362222 0.415000 0.064444 0.036250
0 0.400000 0.261250 0.064444 0.036250
0 0.362222 0.452500 0.064444 0.036250
0 0.900000 0.568750 0.064444 0.036250
0 0.766667 0.303750 0.064444 0.036250
0 0.202222 0.691250 0.064444 0.036250
0 0.557778 0.337500 0.064444 0.036250
0 0.213333 0.233750 0.064444 0.036250
0 0.617778 0.382500 0.064444 0.036250
0 0.420000 0.185000 0.064444 0.036250
0 0.211111 0.308750 0.064444 0.036250
0 0.115556 0.258750 0.066667 0.037500
0 0.704444 0.681250 0.064444 0.036250
0 0.135556 0.771250 0.064444 0.036250
0 0.500000 0.652500 0.064444 0.036250
0 0.431111 0.680000 0.064444 0.036250
0 0.491111 0.230000 0.064444 0.036250
0 0.768889 0.653750 0.064444 0.036250
0 0.762222 0.461250 0.064444 0.036250
0 0.146667 0.455000 0.064444 0.036250
0 0.360000 0.681250 0.064444 0.036250
0 0.833333 0.606250 0.064444 0.036250
0 0.473333 0.385000 0.064444 0.036250
0 0.633333 0.692500 0.064444 0.036250
0 0.500000 0.575000 0.064444 0.036250
0 0.555556 0.182500 0.064444 0.036250
0 0.828889 0.453750 0.064444 0.036250
0 0.400000 0.377500 0.064444 0.036250
0 0.693333 0.180000 0.064444 0.036250
0 0.635556 0.652500 0.064444 0.036250
0 0.704444 0.641250 0.064444 0.036250
0 0.484444 0.308750 0.064444 0.036250
0 0.277778 0.186250 0.064444 0.036250
0 0.366667 0.603750 0.064444 0.036250
0 0.828889 0.491250 0.064444 0.036250
0 0.897778 0.377500 0.064444 0.036250
0 0.348889 0.185000 0.064444 0.036250
0 0.488889 0.192500 0.064444 0.036250
0 0.831111 0.336250 0.064444 0.036250
0 0.215556 0.423750 0.064444 0.036250
0 0.364444 0.526250 0.064444 0.036250
0 0.700000 0.603750 0.064444 0.036250
0 0.897778 0.338750 0.064444 0.036250
0 0.626667 0.340000 0.064444 0.036250
0 0.331111 0.263750 0.064444 0.036250
0 0.564444 0.527500 0.064444 0.036250
0 0.840000 0.685000 0.064444 0.036250
0 0.897778 0.298750 0.064444 0.036250
0 0.133333 0.647500 0.064444 0.036250
0 0.837778 0.645000 0.064444 0.036250
0 0.262222 0.262500 0.064444 0.036250
0 0.206667 0.780000 0.064444 0.036250
0 0.204444 0.500000 0.064444 0.036250
0 0.566667 0.603750 0.064444 0.036250
0 0.624444 0.181250 0.064444 0.036250
0 0.131111 0.493750 0.064444 0.036250
0 0.484444 0.498750 0.064444 0.036250
0 0.226667 0.536250 0.064444 0.036250
0 0.342222 0.490000 0.064444 0.036250
0 0.135556 0.728750 0.064444 0.036250
0 0.271111 0.490000 0.064444 0.036250
0 0.295556 0.642500 0.064444 0.036250
0 0.304444 0.776250 0.064444 0.036250
0 0.693333 0.410000 0.064444 0.036250
0 0.764444 0.576250 0.064444 0.036250
0 0.126667 0.417500 0.064444 0.036250
0 0.435556 0.602500 0.064444 0.036250
0 0.282222 0.341250 0.064444 0.036250
0 0.353333 0.225000 0.064444 0.036250
0 0.160000 0.570000 0.064444 0.036250
0 0.764444 0.218750 0.064444 0.036250
0 0.573333 0.800000 0.062222 0.035000
0 0.442222 0.757500 0.064444 0.036250
0 0.897778 0.493750 0.064444 0.036250
0 0.431111 0.412500 0.064444 0.036250
0 0.606667 0.257500 0.064444 0.036250
0 0.624444 0.220000 0.064444 0.036250
0 0.284444 0.225000 0.064444 0.036250
0 0.631111 0.461250 0.064444 0.036250
0 0.364444 0.565000 0.064444 0.036250
0 0.708889 0.806250 0.062222 0.035000
0 0.497778 0.462500 0.064444 0.036250
0 0.695556 0.218750 0.064444 0.036250
0 0.557778 0.222500 0.064444 0.036250
0 0.293333 0.687500 0.064444 0.036250
0 0.331111 0.380000 0.064444 0.036250
0 0.691111 0.371250 0.064444 0.036250
0 0.413333 0.488750 0.064444 0.036250
0 0.564444 0.681250 0.064444 0.036250
0 0.304444 0.812500 0.064444 0.036250
0 0.562222 0.412500 0.064444 0.036250
0 0.897778 0.531250 0.064444 0.036250
0 0.142222 0.531250 0.064444 0.036250
0 0.122222 0.375000 0.064444 0.036250
0 0.433333 0.525000 0.064444 0.036250
0 0.500000 0.613750 0.064444 0.036250
0 0.537778 0.260000 0.064444 0.036250
0 0.435556 0.642500 0.064444 0.036250
0 0.417778 0.301250 0.064444 0.036250
0 0.900000 0.220000 0.064444 0.036250
0 0.911111 0.801250 0.064444 0.036250
0 0.437778 0.718750 0.064444 0.036250
0 0.495556 0.691250 0.064444 0.036250
0 0.628889 0.421250 0.064444 0.036250
0 0.708889 0.758750 0.062222 0.035000
0 0.193333 0.271250 0.064444 0.036250
0 0.235556 0.813750 0.064444 0.036250
0 0.626667 0.498750 0.071111 0.040000
0 0.831111 0.298750 0.071111 0.040000
0 0.148889 0.335000 0.064444 0.036250
0 0.762222 0.382500 0.064444 0.036250
0 0.677778 0.256250 0.066667 0.037500
0 0.202222 0.652500 0.064444 0.036250
0 0.562222 0.451250 0.064444 0.036250
0 0.844444 0.798750 0.064444 0.036250
0 0.833333 0.217500 0.064444 0.036250
0 0.440000 0.792500 0.073333 0.041250
0 0.162222 0.817500 0.066667 0.037500
0 0.295556 0.566250 0.064444 0.036250
0 0.631111 0.537500 0.064444 0.036250
0 0.697778 0.291250 0.064444 0.036250
0 0.897778 0.416250 0.064444 0.036250
0 0.897778 0.455000 0.064444 0.036250
0 0.695556 0.330000 0.064444 0.036250
0 0.368889 0.731250 0.064444 0.036250
0 0.644444 0.770000 0.062222 0.035000
0 0.291111 0.415000 0.066667 0.037500
0 0.277778 0.302500 0.064444 0.036250
0 0.575556 0.761250 0.064444 0.036250
0 0.371111 0.808750 0.062222 0.035000
0 0.357778 0.342500 0.075556 0.042500
0 0.231111 0.575000 0.064444 0.036250
0 0.555556 0.490000 0.064444 0.036250
0 0.846667 0.762500 0.064444 0.036250
0 0.264444 0.378750 0.073333 0.041250
0 0.564444 0.566250 0.066667 0.037500
0 0.133333 0.686250 0.064444 0.036250
0 0.226667 0.462500 0.064444 0.036250
0 0.902222 0.608750 0.064444 0.036250
0 0.497778 0.537500 0.062222 0.035000
0 0.302222 0.738750 0.066667 0.037500
0 0.906667 0.725000 0.066667 0.037500
0 0.831111 0.180000 0.064444 0.036250
0 0.635556 0.615000 0.064444 0.036250
0 0.897778 0.258750 0.064444 0.036250
0 0.546667 0.378750 0.075556 0.042500
0 0.637778 0.730000 0.064444 0.036250
0 0.226667 0.615000 0.064444 0.036250
0 0.495556 0.423750 0.066667 0.037500
0 0.133333 0.607500 0.064444 0.036250
0 0.897778 0.181250 0.064444 0.036250
0 0.833333 0.528750 0.064444 0.036250
0 0.773333 0.731250 0.060000 0.033750
0 0.217778 0.348750 0.071111 0.040000
0 0.697778 0.565000 0.064444 0.036250
0 0.906667 0.687500 0.062222 0.035000
0 0.706667 0.718750 0.062222 0.035000
0 0.504444 0.770000 0.060000 0.033750
0 0.631111 0.576250 0.064444 0.036250
0 0.695556 0.488750 0.064444 0.036250
0 0.208889 0.195000 0.064444 0.036250
0 0.373333 0.770000 0.064444 0.036250
0 0.768889 0.692500 0.064444 0.036250
0 0.211111 0.727500 0.066667 0.037500
0 0.122222 0.298750 0.064444 0.036250
0 0.697778 0.526250 0.064444 0.036250
0 0.764444 0.255000 0.064444 0.036250
0 0.368889 0.643750 0.066667 0.037500
0 0.842222 0.723750 0.064444 0.036250
0 0.762222 0.498750 0.064444 0.036250
0 0.777778 0.807500 0.062222 0.035000
0 0.833333 0.567500 0.064444 0.036250
0 0.762222 0.178750 0.064444 0.036250
0 0.624444 0.296250 0.062222 0.035000
0 0.493333 0.347500 0.073333 0.041250
0 0.433333 0.451250 0.071111 0.040000
0 0.506667 0.810000 0.064444 0.036250
0 0.640000 0.810000 0.064444 0.036250
0 0.195556 0.388750 0.080000 0.045000
0 0.553333 0.300000 0.066667 0.037500
0 0.773333 0.767500 0.066667 0.037500
0 0.831111 0.375000 0.064444 0.036250
0 0.762222 0.421250 0.068889 0.038750
0 0.908889 0.762500 0.066667 0.037500
0 0.466667 0.267500 0.073333 0.041250
0 0.571111 0.723750 0.071111 0.040000
0 0.902222 0.648750 0.071111 0.040000
0 0.571111 0.643750 0.066667 0.037500
0 0.766667 0.342500 0.066667 0.037500
0 0.297778 0.602500 0.064444 0.036250
0 0.422222 0.225000 0.066667 0.037500
0 0.693333 0.448750 0.066667 0.037500
0 0.435556 0.563750 0.064444 0.036250
0 0.500000 0.731250 0.060000 0.033750
0 0.346667 0.305000 0.075556 0.042500
0 0.766667 0.538750 0.071111 0.040000
0 0.422222 0.341250 0.064444 0.036250
0 0.762222 0.613750 0.071111 0.040000
0 0.833333 0.255000 0.064444 0.036250