0 0.817778 0.322500 0.060000 0.033750
0 0.426667 0.182500 0.060000 0.033750
0 0.517778 0.505000 0.060000 0.033750
0 0.684444 0.327500 0.060000 0.033750
0 0.251111 0.758750 0.060000 0.033750
0 0.317778 0.822500 0.060000 0.033750
0 0.837778 0.168750 0.060000 0.033750
0 0.444444 0.335000 0.060000 0.033750
0 0.222222 0.401250 0.060000 0.033750
0 0.384444 0.746250 0.060000 0.033750
0 0.364444 0.393750 0.064444 0.036250
0 0.288889 0.257500 0.060000 0.033750
0 0.617778 0.762500 0.060000 0.033750
0 0.842222 0.612500 0.057778 0.032500
0 0.391111 0.517500 0.062222 0.035000
0 0.531111 0.433750 0.060000 0.033750
0 0.560000 0.185000 0.060000 0.033750
0 0.182222 0.621250 0.060000 0.033750
0 0.824444 0.397500 0.062222 0.035000
0 0.731111 0.811250 0.060000 0.033750
0 0.862222 0.810000 0.060000 0.033750
0 0.842222 0.687500 0.060000 0.033750
0 0.566667 0.363750 0.062222 0.035000
0 0.175556 0.830000 0.060000 0.033750
0 0.700000 0.176250 0.060000 0.033750
0 0.293333 0.181250 0.060000 0.033750
0 0.186667 0.692500 0.064444 0.036250
0 0.808889 0.247500 0.060000 0.033750
0 0.306667 0.575000 0.060000 0.033750
0 0.426667 0.260000 0.060000 0.033750
0 0.313333 0.462500 0.062222 0.035000
0 0.151111 0.256250 0.060000 0.033750
0 0.153333 0.180000 0.060000 0.033750
0 0.653333 0.475000 0.057778 0.032500
0 0.173333 0.473750 0.060000 0.033750
0 0.331111 0.680000 0.060000 0.033750
0 0.171111 0.335000 0.064444 0.036250
0 0.706667 0.615000 0.062222 0.035000
0 0.711111 0.698750 0.057778 0.032500
0 0.535556 0.580000 0.075556 0.042500
0 0.513333 0.812500 0.057778 0.032500
0 0.573333 0.643750 0.066667 0.037500
0 0.677778 0.251250 0.060000 0.033750
0 0.684444 0.543750 0.057778 0.032500
0 0.177778 0.547500 0.062222 0.035000
0 0.700000 0.402500 0.057778 0.032500
0 0.551111 0.292500 0.062222 0.035000
0 0.431111 0.621250 0.062222 0.035000
0 0.813333 0.540000 0.064444 0.036250
0 0.811111 0.468750 0.057778 0.032500
0 0.504444 0.721250 0.066667 0.037500