0 0.787582 0.725939 0.090720 0.049378
0 0.603829 0.710198 0.072102 0.041646
0 0.580000 0.608750 0.086667 0.048750
0 0.884444 0.675000 0.095556 0.053750
0 0.175556 0.665000 0.093333 0.052500
0 0.484512 0.838486 0.080135 0.050527
0 0.668351 0.616749 0.081074 0.038498
0 0.426667 0.700000 0.093333 0.052500
0 0.691111 0.530000 0.088889 0.050000
0 0.575556 0.561250 0.084444 0.047500
0 0.846667 0.572500 0.091111 0.051250
0 0.413333 0.753750 0.097778 0.055000
0 0.155556 0.715000 0.068889 0.038750
0 0.500000 0.775000 0.104444 0.058750
0 0.691111 0.671250 0.093333 0.052500
0 0.511111 0.668750 0.093333 0.052500
0 0.784444 0.673750 0.093333 0.052500
0 0.592814 0.840878 0.083407 0.043244
0 0.660000 0.575000 0.088889 0.050000
0 0.335556 0.620000 0.088889 0.050000
0 0.300000 0.770000 0.071111 0.040000
0 0.906448 0.783789 0.082658 0.051327
0 0.679280 0.777959 0.087449 0.050919
0 0.337778 0.717500 0.097778 0.055000
0 0.420000 0.603750 0.088889 0.050000
0 0.693876 0.846826 0.087753 0.047598
0 0.868889 0.520000 0.088889 0.050000
0 0.401235 0.812092 0.075080 0.038462
0 0.786018 0.779532 0.083124 0.055315
0 0.898652 0.727135 0.080473 0.053020
0 0.761388 0.617439 0.079448 0.038627
0 0.515556 0.720000 0.088889 0.050000
0 0.796605 0.849455 0.088764 0.049840
0 0.586667 0.765000 0.097778 0.055000
0 0.260000 0.602500 0.091111 0.051250
0 0.491732 0.614745 0.065695 0.039490
0 0.264444 0.703750 0.095556 0.053750
0 0.413198 0.653732 0.075285 0.047535
0 0.342222 0.572500 0.088889 0.050000
0 0.262222 0.650000 0.086667 0.048750
0 0.340000 0.668750 0.088889 0.050000
0 0.599659 0.653343 0.064354 0.037707
0 0.697778 0.725000 0.095556 0.053750
0 0.920000 0.856250 0.084444 0.047500
0 0.855556 0.618750 0.068889 0.038750
0 0.486667 0.565000 0.055556 0.031250
0 0.849031 0.471971 0.075080 0.033937
0 0.751111 0.573750 0.084444 0.047500
0 0.218228 0.813977 0.073739 0.039216
0 0.303363 0.835847 0.069717 0.043741
0 0.671800 0.478004 0.085290 0.036953
0 0.777778 0.528750 0.088889 0.050000
0 0.212865 0.751249 0.079102 0.042499
0 0.113365 0.762993 0.068952 0.059736
0 0.757863 0.477250 0.075080 0.041478
0 0.451111 0.227500 0.055556 0.031250
0 0.124169 0.824969 0.066114 0.054938
0 0.833919 0.423705 0.081171 0.041478
0 0.584911 0.465149 0.067035 0.041548
0 0.253333 0.545000 0.060000 0.033750
0 0.504444 0.485000 0.082222 0.046250
0 0.682222 0.387500 0.060000 0.033750
0 0.180000 0.567500 0.093333 0.052500
0 0.349566 0.521921 0.065798 0.035092
0 0.688889 0.276250 0.066667 0.037500
0 0.748889 0.351250 0.066667 0.037500
0 0.837778 0.337500 0.060000 0.033750
0 0.773333 0.393750 0.068889 0.038750
0 0.748889 0.308750 0.060000 0.033750
0 0.195556 0.435000 0.060000 0.033750
0 0.377778 0.240000 0.060000 0.033750
0 0.347349 0.479194 0.069717 0.035948
0 0.602277 0.511564 0.077888 0.037707
0 0.432741 0.505153 0.060332 0.038462
0 0.664444 0.355000 0.066667 0.037500
0 0.860000 0.378750 0.062222 0.035000
0 0.173333 0.615000 0.095556 0.053750
0 0.742222 0.433750 0.062222 0.035000
0 0.291111 0.342500 0.060000 0.033750
0 0.607044 0.384749 0.073203 0.032680
0 0.657778 0.435000 0.064444 0.036250
0 0.414642 0.550779 0.064354 0.034691
0 0.528889 0.238750 0.060000 0.033750
0 0.577778 0.426250 0.064444 0.036250
0 0.495556 0.436250 0.062222 0.035000
0 0.662222 0.311250 0.057778 0.032500
0 0.515556 0.523750 0.064444 0.036250
0 0.193333 0.518750 0.057778 0.032500
0 0.279049 0.505991 0.069208 0.034641
0 0.280000 0.465000 0.068889 0.038750
0 0.353159 0.434423 0.081336 0.028758
0 0.460000 0.265000 0.084444 0.047500
0 0.300000 0.303750 0.060000 0.033750
0 0.360000 0.355000 0.060000 0.033750
0 0.297967 0.380501 0.063907 0.032026
0 0.195308 0.478473 0.060075 0.034506
0 0.586667 0.343750 0.055556 0.031250
0 0.764444 0.272500 0.075556 0.042500
0 0.520000 0.388750 0.060000 0.033750
0 0.317778 0.265000 0.055556 0.031250
0 0.440000 0.376250 0.057778 0.032500
0 0.510935 0.318750 0.069241 0.038750
0 0.613333 0.267500 0.064444 0.036250
0 0.504444 0.350000 0.055556 0.031250
0 0.440000 0.343750 0.071111 0.040000
0 0.604444 0.227500 0.057778 0.032500
0 0.382222 0.270000 0.057778 0.032500
0 0.426667 0.423750 0.068889 0.038750
0 0.368889 0.316250 0.057778 0.032500
0 0.846667 0.260000 0.075556 0.042500
0 0.275556 0.421250 0.062222 0.035000
0 0.422222 0.458750 0.055556 0.031250
0 0.584444 0.305000 0.064444 0.036250
0 0.211111 0.355000 0.057778 0.032500
0 0.308889 0.230000 0.060000 0.033750
0 0.684444 0.233750 0.055556 0.031250
0 0.442222 0.305000 0.064444 0.036250
0 0.533333 0.277500 0.057778 0.032500
0 0.231111 0.277500 0.057778 0.032500
0 0.840000 0.306250 0.062222 0.035000
0 0.220697 0.237037 0.060421 0.027451
0 0.763326 0.223965 0.067393 0.033987
0 0.850472 0.212200 0.062745 0.031373
0 0.219535 0.314815 0.053450 0.030065
0 0.217211 0.393246 0.058097 0.032680
0 0.361874 0.393900 0.059259 0.030065