0 0.471111 0.323750 0.062222 0.035000
0 0.706667 0.456250 0.064444 0.036250
0 0.184444 0.322500 0.064444 0.036250
0 0.400000 0.753750 0.064444 0.036250
0 0.844444 0.847500 0.066667 0.037500
0 0.168889 0.748750 0.064444 0.036250
0 0.308889 0.157500 0.062222 0.035000
0 0.124444 0.508750 0.066667 0.037500
0 0.697778 0.247500 0.062222 0.035000
0 0.560000 0.243750 0.062222 0.035000
0 0.240000 0.457500 0.062222 0.035000
0 0.175556 0.610000 0.064444 0.036250
0 0.886667 0.328750 0.062222 0.035000
0 0.608889 0.318750 0.064444 0.036250
0 0.724444 0.168750 0.062222 0.035000
0 0.857778 0.252500 0.064444 0.036250
0 0.144444 0.246250 0.062222 0.035000
0 0.873333 0.525000 0.062222 0.035000
0 0.746667 0.321250 0.062222 0.035000
0 0.842222 0.662500 0.066667 0.037500
0 0.166667 0.161250 0.064444 0.036250
0 0.500000 0.840000 0.066667 0.037500
0 0.537778 0.642500 0.062222 0.035000
0 0.286667 0.236250 0.062222 0.035000
0 0.586667 0.167500 0.062222 0.035000
0 0.864444 0.168750 0.062222 0.035000
0 0.471111 0.482500 0.062222 0.035000
0 0.282222 0.857500 0.064444 0.036250
0 0.448889 0.173750 0.064444 0.036250
0 0.333333 0.311250 0.062222 0.035000
0 0.424444 0.251250 0.062222 0.035000
0 0.340000 0.642500 0.064444 0.036250