0 0.864444 0.712500 0.091111 0.051250
0 0.440000 0.671250 0.080000 0.045000
0 0.848889 0.618750 0.086667 0.048750
0 0.600000 0.622500 0.075556 0.042500
0 0.375556 0.720000 0.088889 0.050000
0 0.526667 0.625000 0.075556 0.042500
0 0.673333 0.667500 0.082222 0.046250
0 0.522222 0.581250 0.073333 0.041250
0 0.364444 0.673750 0.084444 0.047500
0 0.775556 0.713750 0.088889 0.050000
0 0.531111 0.717500 0.082222 0.046250
0 0.757778 0.666250 0.084444 0.047500
0 0.844444 0.571250 0.082222 0.046250
0 0.771111 0.763750 0.088889 0.050000
0 0.520000 0.670000 0.082222 0.046250
0 0.373333 0.627500 0.080000 0.045000
0 0.688889 0.763750 0.084444 0.047500
0 0.453333 0.717500 0.084444 0.047500
0 0.137778 0.677500 0.084444 0.047500
0 0.442222 0.766250 0.086667 0.048750
0 0.935556 0.617500 0.086667 0.048750
0 0.604444 0.763750 0.084444 0.047500
0 0.760000 0.572500 0.075556 0.042500
0 0.591111 0.535000 0.073333 0.041250
0 0.126667 0.768750 0.084444 0.047500
0 0.613333 0.713750 0.082222 0.046250
0 0.522222 0.765000 0.088889 0.050000
0 0.766667 0.618750 0.080000 0.045000
0 0.284444 0.675000 0.084444 0.047500
0 0.522222 0.816250 0.086667 0.048750
0 0.877778 0.816250 0.084444 0.047500
0 0.448889 0.582500 0.073333 0.041250
0 0.700000 0.815000 0.091111 0.051250
0 0.360000 0.767500 0.084444 0.047500
0 0.691111 0.713750 0.084444 0.047500
0 0.926667 0.570000 0.082222 0.046250
0 0.520000 0.498750 0.071111 0.040000
0 0.048889 0.817500 0.086667 0.048750
0 0.280000 0.768750 0.084444 0.047500
0 0.215556 0.632500 0.080000 0.045000
0 0.955556 0.710000 0.086667 0.048750
0 0.748889 0.491250 0.075556 0.042500
0 0.751111 0.530000 0.071111 0.040000
0 0.860000 0.763750 0.093333 0.052500
0 0.786667 0.815000 0.091111 0.051250
0 0.611111 0.816250 0.086667 0.048750
0 0.055556 0.768750 0.086667 0.048750
0 0.291111 0.721250 0.082222 0.046250
0 0.913333 0.526250 0.080000 0.045000
0 0.826667 0.487500 0.075556 0.042500
0 0.733333 0.371250 0.071111 0.040000
0 0.451111 0.626250 0.075556 0.042500
0 0.971111 0.760000 0.057778 0.052500
0 0.375556 0.585000 0.080000 0.045000
0 0.817778 0.448750 0.077778 0.043750
0 0.515556 0.538750 0.071111 0.040000
0 0.228889 0.591250 0.084444 0.047500
0 0.437778 0.817500 0.082222 0.046250
0 0.846667 0.662500 0.084444 0.047500
0 0.595556 0.668750 0.082222 0.046250
0 0.360000 0.817500 0.086667 0.048750
0 0.600000 0.580000 0.084444 0.047500
0 0.684444 0.621250 0.084444 0.047500
0 0.908889 0.485000 0.080000 0.045000
0 0.733333 0.415000 0.075556 0.042500
0 0.228889 0.550000 0.071111 0.040000
0 0.220000 0.721250 0.091111 0.051250
0 0.292399 0.304135 0.086311 0.050771
0 0.680000 0.577500 0.084444 0.047500
0 0.593333 0.496250 0.080000 0.045000
0 0.804444 0.336250 0.080000 0.045000
0 0.720000 0.268750 0.091111 0.051250
0 0.275556 0.818750 0.082222 0.046250
0 0.931111 0.660000 0.080000 0.045000
0 0.204444 0.817500 0.088889 0.050000
0 0.202222 0.768750 0.084444 0.047500
0 0.668889 0.531250 0.075556 0.042500
0 0.966667 0.811250 0.066666 0.047500
0 0.068889 0.723750 0.080000 0.045000
0 0.897778 0.446250 0.077778 0.043750
0 0.295556 0.546250 0.068889 0.038750
0 0.297778 0.630000 0.084444 0.047500
0 0.091049 0.552525 0.070988 0.040049
0 0.102222 0.515000 0.071111 0.040000
0 0.295556 0.586250 0.071111 0.040000
0 0.626150 0.275320 0.076979 0.038140
0 0.280000 0.258750 0.075556 0.042500
0 0.120000 0.818750 0.075556 0.042500
0 0.828889 0.525000 0.075556 0.042500
0 0.668889 0.490000 0.071111 0.040000
0 0.121429 0.316449 0.061002 0.035948
0 0.200000 0.303750 0.084444 0.047500
0 0.690940 0.122105 0.075213 0.029210
0 0.891111 0.366250 0.064444 0.036250
0 0.541183 0.300517 0.075527 0.033497
0 0.515556 0.461250 0.075556 0.042500
0 0.444444 0.541250 0.073333 0.041250
0 0.893333 0.405000 0.064444 0.036250
0 0.513333 0.423750 0.071111 0.040000
0 0.588889 0.382500 0.071111 0.040000
0 0.171111 0.438750 0.064444 0.036250
0 0.568329 0.233115 0.083342 0.032680
0 0.744444 0.452500 0.082222 0.046250
0 0.644444 0.337500 0.068889 0.038750
0 0.880000 0.332500 0.077778 0.043750
0 0.664444 0.453750 0.075556 0.042500
0 0.166667 0.473750 0.068889 0.038750
0 0.311111 0.397500 0.064444 0.036250
0 0.231111 0.508750 0.064444 0.036250
0 0.108889 0.442500 0.071111 0.040000
0 0.157778 0.548750 0.071111 0.040000
0 0.371111 0.503750 0.064444 0.036250
0 0.142222 0.721250 0.084444 0.047500
0 0.208889 0.676250 0.082222 0.046250
0 0.371111 0.545000 0.075556 0.042500
0 0.724444 0.336250 0.066667 0.037500
0 0.513333 0.383750 0.064444 0.036250
0 0.148889 0.633750 0.086667 0.048750
0 0.091111 0.593750 0.082222 0.046250
0 0.347022 0.150490 0.064488 0.026471
0 0.135363 0.266019 0.079613 0.042037
0 0.444444 0.502500 0.082222 0.046250
0 0.304444 0.507500 0.071111 0.040000
0 0.375556 0.431250 0.071111 0.040000
0 0.657778 0.413750 0.068889 0.038750
0 0.060000 0.306250 0.057778 0.032500
0 0.368889 0.303750 0.106667 0.060000
0 0.811111 0.410000 0.080000 0.045000
0 0.275556 0.223750 0.073333 0.041250
0 0.588889 0.452500 0.073333 0.041250
0 0.302222 0.470000 0.066667 0.037500
0 0.144444 0.197500 0.062222 0.035000
0 0.233333 0.473750 0.066667 0.037500
0 0.111111 0.373750 0.062222 0.035000
0 0.164444 0.510000 0.073333 0.041250
0 0.808889 0.371250 0.073333 0.041250
0 0.102222 0.476250 0.068889 0.038750
0 0.371111 0.467500 0.066667 0.037500
0 0.443521 0.426356 0.057401 0.033539
0 0.440000 0.462500 0.062222 0.035000
0 0.631506 0.226844 0.080790 0.038687
0 0.074862 0.632096 0.081388 0.041691
0 0.809378 0.256574 0.076535 0.033148
0 0.304444 0.432500 0.064444 0.036250
0 0.235556 0.433750 0.062222 0.035000
0 0.480083 0.140467 0.075722 0.028434
0 0.795556 0.217500 0.088889 0.050000
0 0.240000 0.366250 0.064444 0.036250
0 0.366667 0.358750 0.055556 0.031250
0 0.657778 0.376250 0.064444 0.036250
0 0.244444 0.398750 0.064444 0.036250
0 0.351111 0.248750 0.071111 0.040000
0 0.616554 0.127681 0.064218 0.027862
0 0.304444 0.362500 0.068889 0.038750
0 0.202222 0.226250 0.060000 0.033750
0 0.880000 0.220000 0.086667 0.048750
0 0.582222 0.417500 0.071111 0.040000
0 0.115556 0.405000 0.057778 0.032500
0 0.716433 0.218750 0.073799 0.035000
0 0.437778 0.291250 0.068889 0.038750
0 0.411111 0.215000 0.066667 0.037500
0 0.831111 0.112500 0.055556 0.031250
0 0.620000 0.192500 0.060000 0.033750
0 0.784444 0.180000 0.060000 0.033750
0 0.062055 0.676471 0.069717 0.043137
0 0.156173 0.589706 0.059259 0.034314
0 0.179702 0.400000 0.067974 0.031373
0 0.375781 0.391667 0.066231 0.034314
0 0.079484 0.172549 0.069717 0.029412
0 0.152687 0.165686 0.059259 0.027451
0 0.216304 0.159804 0.050545 0.025490
0 0.281663 0.154412 0.066231 0.028431
0 0.066412 0.268627 0.064488 0.031373
0 0.071641 0.234314 0.067974 0.033333
0 0.079397 0.204303 0.069541 0.028214
0 0.886862 0.252723 0.081336 0.032680
0 0.205671 0.258851 0.061002 0.033497
0 0.436607 0.354847 0.069717 0.031046
0 0.446774 0.387936 0.061002 0.030229
0 0.506324 0.347903 0.069717 0.033497
0 0.508503 0.273557 0.071169 0.026961
0 0.704581 0.184096 0.076979 0.031046
0 0.870159 0.177560 0.074074 0.035948
0 0.868706 0.136302 0.074074 0.038399
0 0.769941 0.113834 0.071169 0.029412
0 0.411190 0.144880 0.065359 0.029412
0 0.549897 0.134259 0.084241 0.031046
0 0.140311 0.231073 0.066812 0.028595
0 0.212206 0.193083 0.071169 0.031046
0 0.785191 0.144063 0.066812 0.031046
0 0.419178 0.245370 0.072622 0.027778
0 0.492526 0.239651 0.071169 0.029412
0 0.281773 0.186997 0.067964 0.031779
0 0.353742 0.180158 0.065248 0.028155
0 0.422118 0.178398 0.062566 0.029663
0 0.484237 0.206050 0.068823 0.029663
0 0.555742 0.199514 0.067035 0.029663
0 0.565574 0.167086 0.072398 0.031171
0 0.638496 0.159178 0.055192 0.020425
0 0.706760 0.149374 0.058097 0.023693
0 0.496304 0.172867 0.078655 0.028658
0 0.346145 0.213340 0.066142 0.029160
0 0.432669 0.869748 0.002490 0.000000