0 0.160000 0.677500 0.048889 0.027500
0 0.202222 0.830000 0.048889 0.027500
0 0.886667 0.682500 0.046667 0.026250
0 0.480000 0.831250 0.048889 0.027500
0 0.253333 0.850000 0.046667 0.026250
0 0.206667 0.802500 0.046667 0.026250
0 0.491111 0.740000 0.048889 0.027500
0 0.568889 0.773750 0.048889 0.027500
0 0.186667 0.702500 0.048889 0.027500
0 0.628889 0.735000 0.048889 0.027500
0 0.697778 0.571250 0.048889 0.027500
0 0.120000 0.491250 0.046667 0.026250
0 0.342222 0.832500 0.046667 0.026250
0 0.546667 0.671250 0.046667 0.026250
0 0.815556 0.743750 0.048889 0.027500
0 0.340000 0.620000 0.048889 0.027500
0 0.348889 0.805000 0.048889 0.027500
0 0.888889 0.860000 0.046667 0.026250
0 0.233333 0.690000 0.046667 0.026250
0 0.131111 0.383750 0.046667 0.026250
0 0.246667 0.747500 0.048889 0.027500
0 0.751111 0.313750 0.048889 0.027500
0 0.113333 0.170000 0.048889 0.027500
0 0.113333 0.322500 0.046667 0.026250
0 0.686667 0.860000 0.046667 0.026250
0 0.113333 0.602500 0.048889 0.027500
0 0.586667 0.690000 0.046667 0.026250
0 0.786667 0.860000 0.046667 0.026250
0 0.705105 0.787883 0.047568 0.024233
0 0.251111 0.816250 0.048889 0.027500
0 0.751111 0.703750 0.046667 0.026250
0 0.722222 0.266250 0.046667 0.026250
0 0.477778 0.796250 0.048889 0.027500
0 0.120000 0.573750 0.046667 0.026250
0 0.711364 0.489873 0.047172 0.026504
0 0.846667 0.190000 0.044444 0.025000
0 0.155556 0.648750 0.048889 0.027500
0 0.368889 0.691250 0.048889 0.027500
0 0.406667 0.862500 0.048889 0.027500
0 0.197778 0.633750 0.046667 0.026250
0 0.308700 0.549483 0.046288 0.025217
0 0.140000 0.716250 0.048889 0.027500
0 0.124444 0.546250 0.046667 0.026250
0 0.255556 0.786250 0.046667 0.026250
0 0.700000 0.707500 0.046667 0.026250
0 0.866667 0.226250 0.046667 0.026250
0 0.108889 0.662500 0.046667 0.026250
0 0.893333 0.776250 0.046667 0.026250
0 0.620000 0.861250 0.046667 0.026250
0 0.448889 0.722500 0.048889 0.027500
0 0.404444 0.735000 0.046667 0.026250
0 0.348889 0.862500 0.048889 0.027500
0 0.157604 0.844361 0.044794 0.028723
0 0.535556 0.727500 0.048889 0.027500
0 0.577778 0.745000 0.046667 0.026250
0 0.597778 0.632500 0.046667 0.026250
0 0.751111 0.572500 0.048889 0.027500
0 0.397778 0.763750 0.048889 0.027500
0 0.366667 0.456250 0.046667 0.026250
0 0.564444 0.862500 0.046667 0.026250
0 0.644444 0.703750 0.048889 0.027500
0 0.135556 0.463750 0.046667 0.026250
0 0.284444 0.691250 0.048889 0.027500
0 0.271111 0.452500 0.051111 0.028750
0 0.602952 0.577051 0.045906 0.025897
0 0.466135 0.638596 0.047825 0.025307
0 0.111111 0.632500 0.046667 0.026250
0 0.177778 0.505000 0.048889 0.027500
0 0.244444 0.646250 0.048889 0.027500
0 0.333333 0.256250 0.046667 0.026250
0 0.417778 0.443750 0.046667 0.026250
0 0.891111 0.831250 0.046667 0.026250
0 0.273333 0.507500 0.046667 0.026250
0 0.206667 0.860000 0.046667 0.026250
0 0.644444 0.592500 0.046667 0.026250
0 0.542222 0.175000 0.046667 0.026250
0 0.200000 0.182500 0.046667 0.026250
0 0.840000 0.157500 0.046667 0.026250
0 0.733333 0.410000 0.046667 0.026250
0 0.160000 0.815955 0.057778 0.028089
0 0.322222 0.468750 0.048889 0.027500
0 0.346667 0.591250 0.048889 0.027500
0 0.177778 0.365000 0.046667 0.026250
0 0.224444 0.521250 0.053333 0.030000
0 0.566667 0.802500 0.048889 0.027500
0 0.484444 0.767500 0.048889 0.027500
0 0.291111 0.633750 0.046667 0.026250
0 0.462016 0.665426 0.050699 0.024603
0 0.891111 0.162500 0.064444 0.036250
0 0.767052 0.625384 0.048117 0.028267
0 0.375556 0.661250 0.048889 0.027500
0 0.588889 0.345000 0.046667 0.026250
0 0.682222 0.812500 0.046667 0.026250
0 0.113333 0.691250 0.048889 0.027500
0 0.804444 0.702500 0.046667 0.026250
0 0.837778 0.857500 0.048889 0.027500
0 0.111111 0.211250 0.048889 0.027500
0 0.273333 0.366250 0.048889 0.027500
0 0.591111 0.833750 0.048889 0.027500
0 0.757778 0.833750 0.048889 0.027500
0 0.210733 0.577426 0.047372 0.025641
0 0.251111 0.617500 0.046667 0.026250
0 0.297778 0.803750 0.044444 0.025000
0 0.555556 0.298750 0.048889 0.027500
0 0.678256 0.402330 0.045710 0.025909
0 0.506667 0.857500 0.046667 0.026250
0 0.797778 0.771250 0.046667 0.026250
0 0.186254 0.420822 0.048064 0.029145
0 0.257115 0.587780 0.047563 0.028060
0 0.301682 0.775845 0.047810 0.028311
0 0.728889 0.677500 0.048889 0.027500
0 0.206667 0.666250 0.048889 0.027500
0 0.640000 0.650000 0.048889 0.027500
0 0.653333 0.537500 0.046667 0.026250
0 0.124444 0.772500 0.048889 0.027500
0 0.168889 0.336250 0.048889 0.027500
0 0.688889 0.653750 0.048889 0.027500
0 0.726667 0.732500 0.046667 0.026250
0 0.433333 0.807500 0.051111 0.028750
0 0.891111 0.715000 0.048889 0.027500
0 0.211111 0.773750 0.048889 0.027500
0 0.111111 0.801250 0.046667 0.026250
0 0.797030 0.648750 0.043719 0.026250
0 0.297778 0.276250 0.048889 0.027500
0 0.780000 0.676250 0.046667 0.026250
0 0.226667 0.466250 0.053333 0.030000
0 0.573333 0.197500 0.053333 0.030000
0 0.157778 0.617500 0.048889 0.027500
0 0.502222 0.338750 0.048889 0.027500
0 0.726667 0.437500 0.048889 0.027500
0 0.357778 0.230000 0.048889 0.027500
0 0.541100 0.837892 0.046689 0.026715
0 0.157778 0.156250 0.046667 0.026250
0 0.786667 0.810000 0.048889 0.027500
0 0.617778 0.765000 0.048889 0.027500
0 0.113333 0.858750 0.051111 0.028750
0 0.737778 0.601250 0.051111 0.028750
0 0.115556 0.411250 0.048889 0.027500
0 0.449852 0.487747 0.044742 0.023256
0 0.653333 0.838750 0.048889 0.027500
0 0.228889 0.382500 0.048889 0.027500
0 0.222222 0.322500 0.053333 0.030000
0 0.315556 0.440000 0.053333 0.030000
0 0.677778 0.681250 0.048889 0.027500
0 0.702222 0.517500 0.048889 0.027500
0 0.284444 0.662500 0.044444 0.025000
0 0.851948 0.818340 0.051660 0.025820
0 0.697778 0.625000 0.053333 0.030000
0 0.293333 0.235000 0.044444 0.025000
0 0.795556 0.603750 0.048889 0.027500
0 0.124444 0.743750 0.044444 0.025000
0 0.746667 0.543750 0.046667 0.026250
0 0.244251 0.197335 0.050053 0.028658
0 0.244698 0.227501 0.052734 0.024635
0 0.200454 0.213172 0.051841 0.026144
0 0.157552 0.194067 0.041115 0.030166
0 0.112861 0.238813 0.053628 0.028155
0 0.112861 0.267722 0.051841 0.028658
0 0.115096 0.294620 0.050947 0.028155
0 0.162021 0.281297 0.042903 0.025641
0 0.159339 0.254148 0.044690 0.027652
0 0.153976 0.225490 0.050053 0.026647
0 0.196432 0.239316 0.049159 0.023127
0 0.208945 0.268225 0.047372 0.029663
0 0.162021 0.309452 0.046478 0.027652
0 0.206264 0.295375 0.049159 0.026647
0 0.138782 0.436400 0.050053 0.026144
0 0.133419 0.517345 0.053628 0.027149
0 0.285813 0.718954 0.049159 0.028155
0 0.228609 0.717949 0.050947 0.028155
0 0.183919 0.731523 0.050947 0.029160
0 0.170959 0.758924 0.053628 0.025641
0 0.164702 0.785822 0.046478 0.024133
0 0.299667 0.860985 0.055416 0.026647
0 0.110627 0.832076 0.052734 0.025138
0 0.292516 0.831574 0.048265 0.027149
0 0.385919 0.821267 0.047372 0.028658
0 0.433291 0.836099 0.047372 0.026144
0 0.456976 0.863751 0.053628 0.027149
0 0.519990 0.813725 0.045584 0.027652
0 0.352401 0.775264 0.044690 0.028155
0 0.396198 0.793615 0.050053 0.027652
0 0.436866 0.780292 0.050947 0.026144
0 0.329609 0.676722 0.042009 0.027149
0 0.331844 0.648064 0.044690 0.028155
0 0.204923 0.605329 0.050053 0.027149
0 0.161127 0.589744 0.046478 0.025138
0 0.168277 0.560583 0.044690 0.025138
0 0.218330 0.549271 0.051841 0.025641
0 0.177215 0.534439 0.048265 0.025138
0 0.181238 0.478130 0.045584 0.027149
0 0.182578 0.449975 0.044690 0.026144
0 0.179003 0.394168 0.057204 0.029160
0 0.230844 0.407743 0.051841 0.025138
0 0.271959 0.424334 0.048265 0.026144
0 0.317543 0.411765 0.046478 0.027149
0 0.360445 0.399698 0.044690 0.027149
0 0.407817 0.388638 0.048265 0.027149
0 0.451167 0.378582 0.045584 0.030166
0 0.498538 0.367019 0.043796 0.025138
0 0.455189 0.350930 0.042903 0.024133
0 0.410498 0.333585 0.046478 0.023630
0 0.364914 0.316993 0.051841 0.028658
0 0.325140 0.299899 0.049159 0.028658
0 0.372959 0.289090 0.051841 0.025138
0 0.275087 0.312217 0.050947 0.027149
0 0.425246 0.278029 0.052734 0.023127
0 0.466361 0.268979 0.043796 0.027149
0 0.456529 0.238813 0.043796 0.030166
0 0.380109 0.262443 0.046478 0.028155
0 0.406029 0.237808 0.048265 0.033183
0 0.254976 0.257416 0.046478 0.027149
0 0.251401 0.286576 0.050053 0.026144
0 0.229950 0.350679 0.050053 0.028658
0 0.272406 0.338110 0.050947 0.027652
0 0.319777 0.329060 0.045584 0.024635
0 0.322012 0.356461 0.055416 0.025138
0 0.366255 0.345400 0.047372 0.027149
0 0.410052 0.303670 0.052734 0.027149
0 0.465021 0.294872 0.053628 0.025641
0 0.512392 0.282051 0.050053 0.029160
0 0.508370 0.310709 0.047372 0.027149
0 0.455636 0.323027 0.050947 0.026647
0 0.367596 0.373052 0.046478 0.025138
0 0.409605 0.361740 0.048265 0.025641
0 0.228609 0.436903 0.043796 0.027149
0 0.229503 0.492459 0.052734 0.025641
0 0.275534 0.479638 0.048265 0.027149
0 0.446251 0.751634 0.050053 0.029160
0 0.531162 0.755656 0.048265 0.027149
0 0.524905 0.784314 0.042903 0.030166
0 0.263914 0.534188 0.046478 0.026647
0 0.258552 0.561589 0.044690 0.025138
0 0.299220 0.605581 0.049159 0.026647
0 0.307264 0.577174 0.049159 0.028155
0 0.348379 0.563600 0.047372 0.025138
0 0.396198 0.549522 0.050053 0.027149
0 0.441782 0.538964 0.046478 0.026144
0 0.482897 0.528155 0.044690 0.028658
0 0.526246 0.516340 0.047372 0.027149
0 0.572277 0.505279 0.046478 0.025138
0 0.617414 0.494218 0.040221 0.027149
0 0.662998 0.482655 0.047372 0.027149
0 0.361339 0.430367 0.050053 0.028155
0 0.403348 0.418301 0.050053 0.026144
0 0.449826 0.407743 0.048265 0.022122
0 0.490941 0.393917 0.055416 0.025641
0 0.530715 0.384113 0.054522 0.026144
0 0.582109 0.372046 0.053628 0.024133
0 0.633503 0.358974 0.050947 0.026144
0 0.550379 0.327803 0.052734 0.028155
0 0.544569 0.356461 0.046478 0.029160
0 0.321565 0.495726 0.050947 0.027149
0 0.362233 0.482655 0.046478 0.025138
0 0.458764 0.458773 0.042903 0.027652
0 0.501667 0.449472 0.046478 0.024133
0 0.461445 0.432881 0.041115 0.025138
0 0.503901 0.420814 0.052734 0.025138
0 0.553507 0.410256 0.046478 0.027149
0 0.593282 0.397436 0.049159 0.026647
0 0.639759 0.386878 0.054522 0.026647
0 0.408264 0.470337 0.045584 0.024635
0 0.315755 0.522122 0.050053 0.024635
0 0.359552 0.511312 0.044690 0.025138
0 0.406029 0.496983 0.048265 0.024635
0 0.355976 0.536450 0.044690 0.025138
0 0.402007 0.523379 0.045584 0.025138
0 0.445804 0.512821 0.050947 0.026144
0 0.490494 0.501257 0.038434 0.023127
0 0.533844 0.488939 0.039327 0.027652
0 0.579428 0.478632 0.044690 0.028155
0 0.624118 0.467823 0.050053 0.024635
0 0.666574 0.457014 0.050947 0.025138
0 0.670149 0.429361 0.050947 0.024133
0 0.629034 0.441931 0.049159 0.023127
0 0.583897 0.450478 0.048265 0.024133
0 0.540100 0.463047 0.044690 0.024133
0 0.494963 0.474610 0.043796 0.026144
0 0.543675 0.436903 0.048265 0.026144
0 0.587919 0.426094 0.045584 0.025641
0 0.632162 0.415033 0.044690 0.028658
0 0.410498 0.706637 0.046478 0.024635
0 0.391729 0.577174 0.055416 0.025138
0 0.436866 0.567622 0.049159 0.025138
0 0.481556 0.556058 0.052734 0.026144
0 0.524012 0.544243 0.046478 0.025641
0 0.570490 0.533434 0.048265 0.027149
0 0.615180 0.522373 0.041115 0.028155
0 0.658082 0.511312 0.051841 0.027149
0 0.385472 0.606335 0.046478 0.028155
0 0.432397 0.594268 0.052734 0.026144
0 0.477534 0.583710 0.048265 0.029160
0 0.519543 0.572147 0.051841 0.026144
0 0.563339 0.559829 0.044690 0.027652
0 0.608923 0.549020 0.048265 0.025138
0 0.650038 0.565611 0.046478 0.027149
0 0.702773 0.544746 0.048265 0.025641
0 0.716180 0.463047 0.050053 0.026144
0 0.381897 0.634490 0.046478 0.025138
0 0.417202 0.678733 0.045584 0.026144
0 0.422118 0.649573 0.041115 0.024133
0 0.427481 0.622172 0.044690 0.026647
0 0.472171 0.610860 0.044690 0.027149
0 0.515074 0.599045 0.046478 0.025641
0 0.562892 0.588738 0.043796 0.029160
0 0.541888 0.699346 0.051841 0.029160
0 0.494963 0.711413 0.047372 0.025138
0 0.455636 0.694570 0.049159 0.027652
0 0.506136 0.653846 0.042903 0.027652
0 0.550826 0.642785 0.044690 0.026647
0 0.592835 0.660885 0.046478 0.027652
0 0.500773 0.683509 0.044690 0.025641
0 0.510605 0.625691 0.042903 0.025641
0 0.555742 0.615636 0.047372 0.026647
0 0.602220 0.604072 0.043796 0.026647
0 0.646016 0.621166 0.049159 0.026647
0 0.695175 0.598793 0.045584 0.027149
0 0.632609 0.677728 0.042009 0.027149
0 0.608923 0.791352 0.042903 0.025138
0 0.658082 0.788587 0.046478 0.024635
0 0.630821 0.814480 0.042009 0.024133
0 0.665680 0.762443 0.043796 0.026647
0 0.676405 0.734037 0.049159 0.026144
0 0.714839 0.760432 0.045584 0.026647
0 0.737184 0.861740 0.047372 0.024133
0 0.710817 0.835596 0.050053 0.026144
0 0.734056 0.810458 0.050053 0.026144
0 0.812264 0.835596 0.049159 0.026144
0 0.894047 0.804424 0.046478 0.027149
0 0.827458 0.794369 0.047372 0.026144
0 0.848463 0.766968 0.046478 0.027652
0 0.878405 0.742333 0.050947 0.025641
0 0.845335 0.719206 0.045584 0.025641
0 0.780534 0.726496 0.050053 0.027149
0 0.761317 0.753896 0.047372 0.027652
0 0.755060 0.783560 0.047372 0.025641
0 0.738972 0.650075 0.045584 0.025138