0 0.611111 0.362500 0.064444 0.036250
0 0.420000 0.391250 0.064444 0.036250
0 0.200000 0.172500 0.066667 0.037500
0 0.755556 0.441250 0.064444 0.036250
0 0.826667 0.588750 0.064444 0.036250
0 0.824444 0.510000 0.064444 0.036250
0 0.753333 0.480000 0.064444 0.036250
0 0.488889 0.632500 0.064444 0.036250
0 0.755556 0.363750 0.064444 0.036250
0 0.191111 0.478750 0.064444 0.036250
0 0.482222 0.208750 0.064444 0.036250
0 0.691111 0.585000 0.064444 0.036250
0 0.562222 0.782500 0.064444 0.036250
0 0.693333 0.623750 0.064444 0.036250
0 0.553333 0.392500 0.064444 0.036250
0 0.331111 0.470000 0.064444 0.036250
0 0.353333 0.506250 0.064444 0.036250
0 0.760000 0.283750 0.064444 0.036250
0 0.691111 0.270000 0.064444 0.036250
0 0.322222 0.242500 0.064444 0.036250
0 0.548889 0.161250 0.064444 0.036250
0 0.357778 0.712500 0.064444 0.036250
0 0.195556 0.708750 0.064444 0.036250
0 0.555556 0.508750 0.064444 0.036250
0 0.411111 0.162500 0.064444 0.036250
0 0.553333 0.663750 0.064444 0.036250
0 0.106667 0.236250 0.066667 0.037500
0 0.484444 0.672500 0.064444 0.036250
0 0.755556 0.558750 0.064444 0.036250
0 0.693333 0.662500 0.064444 0.036250
0 0.695556 0.701250 0.064444 0.036250
0 0.475556 0.287500 0.064444 0.036250
0 0.555556 0.585000 0.064444 0.036250
0 0.280000 0.392500 0.064444 0.036250
0 0.188889 0.671250 0.064444 0.036250
0 0.626667 0.713750 0.064444 0.036250
0 0.488889 0.556250 0.064444 0.036250
0 0.893333 0.278750 0.064444 0.036250
0 0.684444 0.350000 0.064444 0.036250
0 0.402222 0.467500 0.064444 0.036250
0 0.428889 0.777500 0.064444 0.036250
0 0.280000 0.668750 0.064444 0.036250
0 0.688889 0.507500 0.064444 0.036250
0 0.757778 0.197500 0.064444 0.036250
0 0.757778 0.323750 0.064444 0.036250
0 0.688889 0.197500 0.064444 0.036250
0 0.393333 0.240000 0.064444 0.036250
0 0.408889 0.280000 0.064444 0.036250
0 0.686667 0.390000 0.064444 0.036250
0 0.891111 0.475000 0.064444 0.036250
0 0.413333 0.202500 0.064444 0.036250
0 0.528889 0.238750 0.064444 0.036250
0 0.420000 0.431250 0.064444 0.036250
0 0.688889 0.430000 0.064444 0.036250
0 0.893333 0.550000 0.064444 0.036250
0 0.822222 0.472500 0.064444 0.036250
0 0.213333 0.595000 0.064444 0.036250
0 0.284444 0.545000 0.064444 0.036250
0 0.488889 0.595000 0.064444 0.036250
0 0.360000 0.751250 0.064444 0.036250
0 0.826667 0.276250 0.064444 0.036250
0 0.895556 0.631250 0.064444 0.036250
0 0.253333 0.241250 0.064444 0.036250
0 0.622222 0.556250 0.064444 0.036250
0 0.557778 0.703750 0.064444 0.036250
0 0.422222 0.582500 0.064444 0.036250
0 0.900000 0.708750 0.064444 0.036250
0 0.282222 0.622500 0.066667 0.037500
0 0.120000 0.666250 0.064444 0.036250
0 0.215556 0.516250 0.064444 0.036250
0 0.466667 0.363750 0.064444 0.036250
0 0.217778 0.555000 0.064444 0.036250
0 0.760000 0.636250 0.064444 0.036250
0 0.600000 0.236250 0.066667 0.037500
0 0.557778 0.625000 0.064444 0.036250
0 0.413333 0.318750 0.064444 0.036250
0 0.617778 0.275000 0.064444 0.036250
0 0.620000 0.402500 0.064444 0.036250
0 0.891111 0.357500 0.064444 0.036250
0 0.146667 0.797500 0.064444 0.036250
0 0.893333 0.238750 0.064444 0.036250
0 0.120000 0.472500 0.064444 0.036250
0 0.820000 0.395000 0.064444 0.036250
0 0.688889 0.310000 0.064444 0.036250
0 0.617778 0.161250 0.064444 0.036250
0 0.131111 0.511250 0.066667 0.037500
0 0.248889 0.357500 0.064444 0.036250
0 0.424444 0.622500 0.064444 0.036250
0 0.555556 0.547500 0.064444 0.036250
0 0.120000 0.708750 0.064444 0.036250
0 0.688889 0.545000 0.064444 0.036250
0 0.288889 0.757500 0.064444 0.036250
0 0.757778 0.235000 0.064444 0.036250
0 0.753333 0.402500 0.064444 0.036250
0 0.620000 0.198750 0.064444 0.036250
0 0.891111 0.397500 0.064444 0.036250
0 0.133333 0.433750 0.064444 0.036250
0 0.344444 0.202500 0.064444 0.036250
0 0.893333 0.200000 0.064444 0.036250
0 0.344444 0.162500 0.064444 0.036250
0 0.562222 0.742500 0.064444 0.036250
0 0.668889 0.235000 0.064444 0.036250
0 0.824444 0.158750 0.064444 0.036250
0 0.111111 0.275000 0.066667 0.037500
0 0.273333 0.320000 0.064444 0.036250
0 0.486667 0.441250 0.064444 0.036250
0 0.551111 0.201250 0.064444 0.036250
0 0.891111 0.436250 0.064444 0.036250
0 0.488889 0.517500 0.064444 0.036250
0 0.891111 0.317500 0.064444 0.036250
0 0.822222 0.548750 0.064444 0.036250
0 0.491111 0.712500 0.064444 0.036250
0 0.353333 0.433750 0.071111 0.040000
0 0.213333 0.440000 0.066667 0.037500
0 0.344444 0.321250 0.064444 0.036250
0 0.424444 0.505000 0.064444 0.036250
0 0.624444 0.518750 0.064444 0.036250
0 0.275556 0.202500 0.064444 0.036250
0 0.357778 0.790000 0.064444 0.036250
0 0.460000 0.247500 0.064444 0.036250
0 0.684444 0.468750 0.071111 0.040000
0 0.346667 0.661250 0.064444 0.036250
0 0.355556 0.623750 0.064444 0.036250
0 0.480000 0.171250 0.064444 0.036250
0 0.120000 0.752500 0.064444 0.036250
0 0.120000 0.586250 0.064444 0.036250
0 0.837778 0.783750 0.062222 0.035000
0 0.186667 0.631250 0.064444 0.036250
0 0.282222 0.432500 0.064444 0.036250
0 0.337778 0.281250 0.064444 0.036250
0 0.893333 0.512500 0.064444 0.036250
0 0.191111 0.761250 0.064444 0.036250
0 0.533333 0.355000 0.064444 0.036250
0 0.622222 0.673750 0.064444 0.036250
0 0.902222 0.746250 0.064444 0.036250
0 0.428889 0.740000 0.064444 0.036250
0 0.624444 0.635000 0.064444 0.036250
0 0.895556 0.160000 0.062222 0.035000
0 0.120000 0.627500 0.064444 0.036250
0 0.826667 0.197500 0.064444 0.036250
0 0.286667 0.506250 0.071111 0.040000
0 0.137778 0.312500 0.066667 0.037500
0 0.144444 0.548750 0.064444 0.036250
0 0.548889 0.470000 0.064444 0.036250
0 0.833333 0.707500 0.064444 0.036250
0 0.184444 0.248750 0.064444 0.036250
0 0.288889 0.718750 0.064444 0.036250
0 0.180000 0.362500 0.066667 0.037500
0 0.286667 0.583750 0.066667 0.037500
0 0.322222 0.358750 0.066667 0.037500
0 0.755556 0.518750 0.064444 0.036250
0 0.822222 0.433750 0.064444 0.036250
0 0.828889 0.627500 0.064444 0.036250
0 0.620000 0.318750 0.064444 0.036250
0 0.486667 0.403750 0.071111 0.040000
0 0.551111 0.432500 0.071111 0.040000
0 0.262222 0.468750 0.064444 0.036250
0 0.697778 0.741250 0.064444 0.036250
0 0.895556 0.591250 0.064444 0.036250
0 0.115556 0.395000 0.064444 0.036250
0 0.420000 0.661250 0.064444 0.036250
0 0.768889 0.790000 0.062222 0.035000
0 0.268889 0.280000 0.071111 0.040000
0 0.424444 0.543750 0.064444 0.036250
0 0.764444 0.752500 0.064444 0.036250
0 0.542222 0.277500 0.064444 0.036250
0 0.424444 0.700000 0.064444 0.036250
0 0.755556 0.160000 0.064444 0.036250
0 0.117778 0.352500 0.075556 0.042500
0 0.622222 0.441250 0.064444 0.036250
0 0.826667 0.235000 0.064444 0.036250
0 0.202222 0.287500 0.066667 0.037500
0 0.902222 0.785000 0.066667 0.037500
0 0.760000 0.672500 0.071111 0.040000
0 0.204444 0.401250 0.066667 0.037500
0 0.831111 0.667500 0.064444 0.036250
0 0.217778 0.796250 0.064444 0.036250
0 0.837778 0.745000 0.062222 0.035000
0 0.757778 0.597500 0.064444 0.036250
0 0.548889 0.316250 0.064444 0.036250
0 0.631111 0.753750 0.064444 0.036250
0 0.762222 0.715000 0.062222 0.035000
0 0.626667 0.595000 0.062222 0.035000
0 0.497778 0.752500 0.060000 0.033750
0 0.897778 0.670000 0.066667 0.037500
0 0.391111 0.355000 0.064444 0.036250
0 0.493333 0.791250 0.064444 0.036250
0 0.204444 0.327500 0.066667 0.037500
0 0.822222 0.357500 0.073333 0.041250
0 0.697778 0.790000 0.066667 0.037500
0 0.480000 0.326250 0.064444 0.036250
0 0.351111 0.392500 0.066667 0.037500
0 0.204444 0.211250 0.064444 0.036250
0 0.631111 0.791250 0.060000 0.033750
0 0.353333 0.546250 0.064444 0.036250
0 0.475556 0.478750 0.064444 0.036250
0 0.291111 0.795000 0.062222 0.035000
0 0.617778 0.481250 0.071111 0.040000
0 0.271111 0.166250 0.071111 0.040000
0 0.686667 0.160000 0.064444 0.036250
0 0.357778 0.583750 0.073333 0.041250
0 0.822222 0.316250 0.066667 0.037500