0 0.406379 0.705882 0.074978 0.039216
0 0.495814 0.675413 0.070400 0.039023
0 0.584444 0.663750 0.088889 0.050000
0 0.867581 0.677500 0.072339 0.044076
0 0.780149 0.731834 0.071767 0.035755
0 0.889337 0.788927 0.072793 0.040369
0 0.686667 0.841250 0.093333 0.052500
0 0.402277 0.653595 0.075664 0.036909
0 0.877034 0.730104 0.070742 0.041522
0 0.494310 0.723511 0.077509 0.042021
0 0.647572 0.623891 0.066256 0.039031
0 0.387488 0.815858 0.081643 0.051716
0 0.311953 0.623606 0.065616 0.040369
0 0.796596 0.851947 0.072748 0.047741
0 0.291907 0.845553 0.072748 0.043478
0 0.830853 0.571600 0.078294 0.037472
0 0.284444 0.778750 0.071111 0.040000
0 0.571111 0.770000 0.097778 0.055000
0 0.666667 0.783750 0.071111 0.040000
0 0.321181 0.726548 0.077917 0.039792
0 0.584444 0.712500 0.062222 0.035000
0 0.200972 0.822109 0.072748 0.039216
0 0.773246 0.673664 0.084618 0.044828
0 0.324444 0.676250 0.091111 0.051250
0 0.563651 0.610342 0.072793 0.033449
0 0.474796 0.625433 0.065274 0.037870
0 0.768871 0.788062 0.069717 0.038639
0 0.666600 0.530039 0.084578 0.037577
0 0.738114 0.625529 0.073818 0.039216
0 0.588970 0.844719 0.090951 0.041811
0 0.908749 0.855783 0.081841 0.046888
0 0.392605 0.760092 0.067666 0.039216
0 0.672498 0.671857 0.063565 0.040369
0 0.737601 0.484182 0.072793 0.035865
0 0.236497 0.710688 0.072993 0.039216
0 0.146386 0.669554 0.072772 0.045359
0 0.725547 0.574693 0.086648 0.039387
0 0.680187 0.729239 0.076894 0.046713
0 0.469671 0.847418 0.074898 0.048914
0 0.475138 0.783160 0.068692 0.040369
0 0.637701 0.575270 0.079846 0.040540
0 0.470896 0.575895 0.075124 0.039290
0 0.144837 0.573145 0.073818 0.035179
0 0.839636 0.622899 0.073452 0.035714
0 0.815520 0.429066 0.068692 0.033449
0 0.200000 0.761250 0.071111 0.040000
0 0.580567 0.518070 0.059464 0.035755
0 0.824747 0.476067 0.068692 0.034025
0 0.236597 0.654171 0.066641 0.038062
0 0.755556 0.528750 0.066667 0.037500
0 0.140000 0.725000 0.068889 0.038750
0 0.398073 0.607170 0.067666 0.035179
0 0.241368 0.559600 0.069402 0.039200
0 0.564444 0.476250 0.064444 0.036250
0 0.141249 0.623606 0.076894 0.036909
0 0.848840 0.517589 0.065616 0.037486
0 0.554310 0.559521 0.058045 0.032208
0 0.316994 0.575452 0.073988 0.038639
0 0.235556 0.605000 0.066667 0.037500
0 0.100477 0.841290 0.067620 0.046888
0 0.720000 0.318750 0.060000 0.033750
0 0.284444 0.241250 0.060000 0.033750
0 0.176936 0.529126 0.064983 0.033252
0 0.262188 0.513150 0.064511 0.037450
0 0.411914 0.513456 0.060490 0.033449
0 0.633333 0.441250 0.060000 0.033750
0 0.831411 0.384948 0.067666 0.032872
0 0.102222 0.777500 0.071111 0.040000
0 0.328889 0.526250 0.057778 0.032500
0 0.401787 0.561239 0.065170 0.032396
0 0.495556 0.530000 0.064444 0.036250
0 0.717778 0.440000 0.060000 0.033750
0 0.640000 0.363750 0.064444 0.036250
0 0.260000 0.471250 0.064444 0.036250
0 0.178158 0.442363 0.062540 0.037227
0 0.353333 0.251250 0.060000 0.033750
0 0.173305 0.485775 0.059944 0.035755
0 0.744444 0.400000 0.064444 0.036250
0 0.364444 0.290000 0.060000 0.033750
0 0.422222 0.391250 0.060000 0.033750
0 0.806667 0.340000 0.057778 0.032500
0 0.555556 0.433750 0.064444 0.036250
0 0.722222 0.360000 0.064444 0.036250
0 0.328889 0.445000 0.064444 0.036250
0 0.662222 0.401250 0.071111 0.040000
0 0.407813 0.471934 0.062540 0.033449
0 0.475556 0.445000 0.064444 0.036250
0 0.251794 0.427084 0.063588 0.028332
0 0.580000 0.392500 0.060000 0.033750
0 0.424444 0.240000 0.060000 0.033750
0 0.644444 0.481250 0.057778 0.032500
0 0.482222 0.488750 0.068889 0.038750
0 0.502222 0.250000 0.055556 0.031250
0 0.563924 0.351594 0.052151 0.033062
0 0.273372 0.314150 0.051188 0.035451
0 0.577778 0.268750 0.057778 0.032500
0 0.329382 0.486640 0.061515 0.032872
0 0.268889 0.352500 0.062222 0.035000
0 0.404444 0.431250 0.062222 0.035000
0 0.737778 0.272500 0.055556 0.031250
0 0.191111 0.366250 0.062222 0.035000
0 0.488889 0.327500 0.064444 0.036250
0 0.491200 0.363322 0.058439 0.027682
0 0.344590 0.322088 0.052288 0.025952
0 0.660000 0.283750 0.071111 0.040000
0 0.295556 0.276250 0.055556 0.031250
0 0.342222 0.398750 0.055556 0.031250
0 0.440000 0.275000 0.066667 0.037500
0 0.418407 0.348904 0.054338 0.029988
0 0.337778 0.366250 0.062222 0.035000
0 0.733333 0.240000 0.062222 0.035000
0 0.824234 0.262399 0.061515 0.027682
0 0.635556 0.322500 0.060000 0.033750
0 0.508889 0.288750 0.055556 0.031250
0 0.577778 0.237500 0.055556 0.031250
0 0.195556 0.327500 0.055556 0.031250
0 0.655556 0.243750 0.057778 0.032500
0 0.815556 0.310000 0.057778 0.032500
0 0.194391 0.400519 0.057414 0.029412
0 0.269747 0.388985 0.062540 0.034025
0 0.501452 0.402837 0.066641 0.035157
0 0.197467 0.248847 0.049212 0.025952
0 0.205156 0.286044 0.054338 0.029988
0 0.415844 0.310265 0.055363 0.029988
0 0.561429 0.310842 0.053313 0.028835
0 0.819621 0.222318 0.054338 0.025952