0 0.446667 0.245000 0.064444 0.036250
0 0.360000 0.201250 0.064444 0.036250
0 0.248889 0.216250 0.064444 0.036250
0 0.677778 0.203750 0.064444 0.036250
0 0.791111 0.207500 0.066667 0.037500
0 0.631111 0.233750 0.064444 0.036250
0 0.313333 0.230000 0.064444 0.036250
0 0.506667 0.202500 0.064444 0.036250
0 0.722222 0.232500 0.064444 0.036250
0 0.586667 0.265000 0.064444 0.036250
0 0.677778 0.261250 0.064444 0.036250
0 0.751111 0.267500 0.066667 0.037500
0 0.482222 0.302500 0.064444 0.036250
0 0.506667 0.265000 0.064444 0.036250
0 0.588889 0.202500 0.064444 0.036250
0 0.548889 0.235000 0.071111 0.040000
0 0.426667 0.208750 0.071111 0.040000
0 0.346667 0.273750 0.064444 0.036250
0 0.380000 0.241250 0.075556 0.042500
0 0.804444 0.245000 0.071111 0.040000
0 0.424444 0.283750 0.082222 0.046250
0 0.677778 0.582353 0.003486 0.000000