0 0.395155 0.108262 0.045584 0.027149
0 0.405434 0.146975 0.062566 0.029160
0 0.411243 0.179152 0.052734 0.030166
0 0.413478 0.211580 0.046478 0.025641
0 0.423310 0.245768 0.051841 0.029663
0 0.419734 0.281716 0.048265 0.029160
0 0.421522 0.315988 0.051841 0.025641
0 0.426885 0.351936 0.053628 0.028155
0 0.430460 0.386375 0.051841 0.023630
0 0.433142 0.419809 0.060779 0.027149
0 0.436270 0.454500 0.050947 0.026144
0 0.438504 0.488688 0.060779 0.028155
0 0.443420 0.523630 0.056310 0.030669
0 0.442080 0.557818 0.060779 0.024635
0 0.445655 0.594771 0.062566 0.027149
0 0.442526 0.630468 0.065248 0.023127
0 0.450124 0.666918 0.051841 0.025641
0 0.448336 0.701357 0.055416 0.029160
0 0.451018 0.738059 0.057204 0.026144
0 0.441186 0.773253 0.050053 0.025138
0 0.505540 0.094520 0.058991 0.030166
0 0.519841 0.129211 0.048265 0.027149
0 0.531460 0.162142 0.055416 0.027652
0 0.535482 0.198089 0.054522 0.028155
0 0.542633 0.230518 0.056310 0.023630
0 0.545761 0.262695 0.053628 0.025641
0 0.536376 0.300654 0.047372 0.030166
0 0.543526 0.334339 0.049159 0.027149
0 0.544867 0.369030 0.048265 0.029160
0 0.547549 0.404726 0.057204 0.031171
0 0.552464 0.437657 0.050947 0.030669
0 0.553805 0.469583 0.053628 0.026144
0 0.557380 0.504525 0.055416 0.026647
0 0.560956 0.539970 0.057204 0.028155
0 0.564978 0.574409 0.056310 0.029663
0 0.562743 0.611362 0.051841 0.028155
0 0.570341 0.646556 0.054522 0.028155
0 0.568106 0.684263 0.055416 0.027149
0 0.571681 0.720211 0.051841 0.028658
0 0.580619 0.758170 0.051841 0.029160
0 0.570341 0.094017 0.054522 0.030166
0 0.587323 0.127954 0.056310 0.027652
0 0.597155 0.161639 0.059885 0.023630
0 0.599836 0.194319 0.047372 0.026647
0 0.603858 0.226496 0.050053 0.028658
0 0.607433 0.260684 0.051841 0.027652
0 0.597602 0.296380 0.050053 0.025641
0 0.602964 0.329311 0.046478 0.027149
0 0.610115 0.365008 0.057204 0.028155
0 0.612796 0.399196 0.048265 0.028155
0 0.615925 0.432881 0.054522 0.025138
0 0.615925 0.468326 0.047372 0.026647
0 0.620394 0.503771 0.050947 0.028155
0 0.627991 0.539467 0.053628 0.028155
0 0.628885 0.573655 0.048265 0.029160
0 0.624416 0.610106 0.053628 0.025641
0 0.633354 0.645551 0.057204 0.030166
0 0.631119 0.682001 0.059885 0.027652
0 0.636482 0.718954 0.056310 0.030166
0 0.645420 0.755153 0.059885 0.030166
0 0.705752 0.103570 0.055416 0.026144
0 0.700836 0.140523 0.068823 0.031674
0 0.709327 0.175214 0.055416 0.029663
0 0.715137 0.209904 0.052734 0.030669
0 0.719606 0.243338 0.047372 0.030166
0 0.723181 0.278783 0.050947 0.030669
0 0.715137 0.313223 0.050947 0.029160
0 0.721840 0.349170 0.051841 0.031674
0 0.728991 0.383610 0.051841 0.031171
0 0.727203 0.416792 0.055416 0.027149
0 0.730779 0.451232 0.048265 0.026647
0 0.736141 0.486174 0.051841 0.032177
0 0.741504 0.520362 0.051841 0.027149
0 0.740163 0.555807 0.059885 0.027652
0 0.749548 0.591755 0.053628 0.029160
0 0.741504 0.624183 0.057204 0.028658
0 0.752677 0.659879 0.061673 0.030669
0 0.747761 0.695073 0.060779 0.028658
0 0.761168 0.730015 0.048265 0.027149
0 0.763849 0.768225 0.055416 0.027149
0 0.884364 0.088487 0.047372 0.026144
0 0.770851 0.104072 0.052734 0.029160
0 0.776214 0.140271 0.052734 0.031171
0 0.774873 0.175214 0.051841 0.028658
0 0.779342 0.207893 0.050053 0.024635
0 0.779789 0.243338 0.049159 0.030166
0 0.781576 0.275013 0.052734 0.026144
0 0.773532 0.309703 0.050947 0.028155
0 0.890621 0.124183 0.050947 0.025138
0 0.893749 0.157868 0.051841 0.025138
0 0.892408 0.191302 0.052734 0.028658
0 0.897324 0.227250 0.050053 0.030166
0 0.897324 0.261438 0.050053 0.026144
0 0.900006 0.294872 0.051841 0.025641
0 0.901793 0.326797 0.055416 0.028155
0 0.784705 0.343891 0.048265 0.027149
0 0.790068 0.380342 0.048265 0.029663
0 0.789621 0.413776 0.043796 0.027149
0 0.789621 0.448215 0.049159 0.027652
0 0.796324 0.481649 0.051841 0.028155
0 0.798559 0.515334 0.049159 0.027149
0 0.801240 0.549020 0.049159 0.028155
0 0.806156 0.585219 0.057204 0.027149
0 0.811072 0.619407 0.050947 0.031171
0 0.816882 0.656109 0.055416 0.031171
0 0.817776 0.692056 0.057204 0.027652
0 0.823585 0.729512 0.056310 0.029160
0 0.832523 0.766214 0.052734 0.032177
0 0.908497 0.363248 0.059885 0.027652
0 0.909391 0.396933 0.059885 0.027652
0 0.911625 0.431373 0.057204 0.024133
0 0.915200 0.466817 0.053628 0.027652
0 0.916988 0.497989 0.053628 0.028658
0 0.921904 0.534439 0.050947 0.027149
0 0.927714 0.569382 0.055416 0.026647
0 0.929948 0.605329 0.058097 0.029160
0 0.933076 0.640020 0.051841 0.027149
0 0.935758 0.675214 0.058991 0.029160
0 0.939780 0.712670 0.059885 0.026647
0 0.947824 0.751634 0.049159 0.028155